15605	[2]
28917	[3087]
3491	[226]
41811	[73]
49835	[369]
262757	[129]
262750	[57]
52863	[1386]
48526	[0]
58308	[263]
6082	[185]
12779	[13, 114, 114]
10102	[0]
1836	[0, 3869]
262612	[101]
3252	[141]
29691	[0]
30132	[239]
63956	[0]
53070	[130]
38809	[191]
19151	[228, 480, 228]
286	[2151, 2148]
1798	[241]
2914	[2548, 1281, 1104, 1410]
59715	[0]
202194	[0]
38880	[1636, 1485, 1109]
59469	[0]
41497	[103]
6830	[3538, 3195, 3706, 3014]
36351	[8315]
39821	[230]
14061	[1154, 1164]
3561	[106, 1426]
41095	[173, 179]
40387	[451]
29686	[2091]
14537	[3792]
4739	[2608]
2497	[462, 338]
56730	[2225]
19653	[83]
6720	[175]
20764	[238, 247]
47441	[237]
28138	[474]
198290	[1372]
20612	[0, 0]
5392	[1178]
57118	[0]
7018	[2368]
12859	[2766]
6453	[2086, 2344]
202109	[1570, 1558]
5769	[241]
9304	[2278]
25227	[152]
30844	[111, 0]
5413	[140, 138]
1853	[176]
6667	[2640]
11039	[255]
53013	[4]
52888	[7360]
29636	[2506]
52940	[217]
198249	[0]
8758	[17]
22652	[241]
58901	[0]
18106	[2354]
8283	[2781]
3267	[0]
36236	[0]
6939	[176, 199, 199, 165, 208]
28220	[205]
6423	[6]
263623	[226]
51185	[159]
29140	[1544]
28329	[370]
133165	[3499]
513	[2705]
13030	[255, 238, 481]
6079	[160]
9002	[1403, 1398, 1395]
8218	[13, 13]
52752	[2538]
49463	[117]
50304	[98]
31019	[151]
4181	[10997]
45177	[0]
262317	[8]
12637	[1506]
22873	[0]
8468	[206]
251	[4490]
25220	[3885]
3292	[1272]
59689	[255]
4826	[244]
24516	[0, 0, 0, 2788, 0, 0]
6762	[4047, 3912, 4000]
8596	[138]
46450	[10]
6360	[0]
16735	[3693]
34288	[1344, 0, 1314, 0]
32614	[125]
41695	[131]
20080	[3680]
15547	[2538, 2538]
16347	[6]
4608	[247]
38726	[0, 0]
5650	[94]
1916	[2952]
47872	[5017]
2895	[34]
28571	[2483]
31424	[0]
2518	[0]
1103	[1761]
25152	[245, 1683]
553	[179]
32354	[224]
14361	[187, 191]
62567	[5262]
54073	[285]
5645	[1360]
9189	[169]
25091	[161, 173]
7575	[2829, 5094]
58511	[0, 200, 0, 0, 200, 1978]
264268	[192]
50300	[200]
15301	[1266]
42541	[1216]
29075	[243]
28941	[157]
4589	[994, 1102]
12350	[86]
8928	[3946]
34019	[181]
28294	[3778]
14840	[1490]
34781	[0, 243]
52769	[5, 4]
25160	[175]
48285	[0]
24482	[4811, 0, 5455, 4813, 7120, 4822, 8109, 0]
1280	[236]
4777	[61]
37271	[171]
3549	[183]
7500	[224]
680	[198]
57381	[98]
