8426	[2, 14]
15605	[9]
28917	[35825]
3491	[9, 2461]
41811	[2769]
7018	[25662]
49463	[1202]
262750	[572]
52863	[16741]
48526	[1380]
58308	[2552]
6082	[1724]
39821	[2634]
52940	[2282]
11666	[5]
57821	[11]
1836	[40107]
262612	[1017]
3252	[1605]
31019	[742]
3257	[22, 14, 27, 33, 14]
30132	[2531]
53070	[1463]
14061	[12569, 12663]
19151	[2370, 5162, 2323]
286	[22557, 22732]
1798	[2506]
2914	[13159, 11898, 27766, 15250]
14840	[17178]
38880	[16521, 14997, 14071]
41497	[972]
32614	[1326]
36351	[77805]
20764	[2538, 2492]
12779	[1051, 1022]
38809	[2061]
3561	[15442, 1127]
41095	[1883, 1808]
40387	[4822]
29686	[26368]
14537	[41822]
4739	[27423]
49835	[3625]
2497	[4982, 3418]
53828	[14]
56730	[31495]
19653	[943]
262757	[1281]
47441	[2498]
28138	[5135, 2580]
198290	[14369]
29608	[6]
5392	[10254]
5396	[4]
12859	[29124]
6453	[21739, 24712]
15435	[14]
202109	[16959, 17018]
5769	[2503]
9304	[24459]
25227	[18257]
30844	[930]
5413	[1522, 1658]
1853	[1818]
6667	[28697]
11039	[2864]
53013	[29]
52888	[74888]
29636	[25859]
6720	[1721]
49605	[17]
8758	[108]
22652	[2519]
34781	[2753]
35054	[7]
48166	[128, 128]
8455	[34]
18106	[24626]
8283	[30630]
6939	[1579, 1730, 1236, 1473, 1697]
28220	[2192]
6423	[66]
263623	[2469]
51185	[1627]
29140	[16209]
28329	[3843]
133165	[36903]
513	[28120]
13030	[3028, 2869, 5792]
13237	[106, 126, 94]
6079	[1612]
9002	[15392, 15308, 15296]
22548	[14]
8218	[159, 125]
52752	[24861]
6830	[33391, 33582, 36013, 31431]
50304	[1114]
20932	[94]
4181	[114735]
262317	[368]
12637	[16265]
10026	[31, 31]
8468	[2390]
251	[49224]
25220	[39196]
3292	[20636]
59689	[2624]
4826	[2599]
24516	[28801]
6762	[43288, 46521, 40985]
8596	[1542]
46450	[87]
16735	[38728]
33843	[379]
34288	[13997, 14008]
34177	[567]
41695	[1527]
20080	[37828]
15547	[25056, 25056, 15279]
16347	[54]
4608	[2571]
5650	[1080]
1916	[31062]
27446	[2]
47872	[52681]
2895	[329]
28571	[25854]
51405	[8014]
1103	[18320]
37271	[1739]
25152	[2568, 17999]
553	[1911]
32354	[2353]
14361	[2039, 2090]
62567	[55192]
54073	[2543]
5645	[13286]
9189	[1737]
25091	[1147, 1958, 1939]
7575	[29246, 52794]
58511	[2134, 2134, 20892]
264268	[2237]
50300	[3074]
15301	[13093]
42541	[12298]
29075	[2535]
28941	[1712]
4589	[11124, 11630]
12350	[915]
50620	[2189]
8928	[41208]
34019	[1979]
28294	[36455]
209	[50, 42, 49]
31122	[5]
52769	[45, 29]
25160	[3734]
24482	[40572, 49679, 36048, 67877, 40571, 81738]
1280	[2502]
263584	[13]
4777	[614]
13703	[13]
3549	[1870]
7500	[2316]
680	[2104]
57381	[1131]
