8426	[103, 206]
204028	[0]
39792	[0]
15605	[49]
28917	[681]
3491	[37, 310]
41811	[703]
7018	[489]
262757	[249]
262750	[236]
52863	[508]
48526	[0, 132]
58308	[263]
6082	[350]
12779	[4, 335, 326]
52940	[272]
11666	[45]
57821	[235]
1836	[0, 455]
262612	[191]
3252	[277]
31019	[138]
29691	[0]
3257	[86, 93, 113, 93, 124]
30132	[241]
63956	[0]
28941	[261]
53070	[370]
14061	[287, 398]
19151	[712, 322, 323]
286	[888, 975]
1798	[332]
2914	[816, 437, 941, 453, 0]
58621	[20]
202194	[0]
38883	[0]
38880	[0, 273, 712, 583]
59469	[0]
41497	[292]
6830	[457, 640, 453, 637]
36351	[1091]
20764	[352, 336]
38809	[306]
3561	[259, 295]
41095	[318, 311]
40387	[376]
29686	[422]
14537	[618]
4739	[438]
24115	[268, 268]
49835	[437]
2497	[163, 659, 661]
53828	[99]
56730	[730]
19653	[197]
6720	[225]
47441	[331]
28220	[301]
198290	[448]
50763	[58]
20612	[0, 0]
5392	[496]
57118	[0, 0]
5396	[42]
12859	[474]
6453	[415, 483]
15435	[262]
202109	[756, 772]
5769	[225]
9304	[525]
25227	[360]
22652	[246]
5413	[220, 230]
1853	[327]
6667	[952]
11039	[384]
53013	[127]
52888	[1240]
29636	[559]
196621	[0]
49605	[87]
198249	[0]
8758	[122]
30844	[358, 0]
58901	[0]
34781	[0, 610]
35054	[50]
48166	[295, 297]
8455	[47]
18106	[870]
8283	[982]
3267	[0]
36236	[0]
6939	[909, 902, 549, 775, 871]
28138	[676, 338]
6423	[162]
263623	[319]
51185	[222]
39821	[226]
29140	[696]
28329	[581, 29]
133165	[700]
513	[603]
13030	[473, 716, 1522]
13237	[605, 748, 582]
6079	[217]
9002	[535, 531, 533]
22548	[57]
8218	[327, 270]
52752	[480]
49463	[525]
50304	[324]
20932	[115]
4181	[2434]
45177	[0]
262317	[442]
12637	[571]
22873	[0]
10026	[329, 322]
8468	[325]
251	[928]
25220	[786]
3292	[734]
59689	[309]
4826	[335]
24516	[0, 0, 0, 792, 0, 0]
6762	[796, 1005, 651]
8596	[333]
46450	[50]
16735	[970]
33843	[73]
34288	[524, 0, 533, 0]
34177	[177]
41695	[659]
20080	[562]
15547	[574, 1065, 1065, 0]
16347	[238]
4608	[213]
38726	[0, 0]
5650	[222]
1916	[814]
27446	[33]
47872	[1193]
2895	[176]
28571	[499]
51405	[341]
31424	[0]
2518	[0]
1103	[879]
13703	[63]
19754	[0]
25152	[315, 515]
553	[310]
3549	[230]
32354	[310]
14361	[268, 299]
62567	[610]
54073	[415]
5645	[563]
9189	[236]
25091	[332, 0, 335, 187]
7575	[994, 1604]
25160	[450]
58511	[0, 334, 334, 0, 0, 458]
264268	[263]
50300	[446]
15301	[711]
42541	[615]
29075	[412]
1299	[0]
7500	[331]
12350	[279]
50620	[325]
8928	[662]
34019	[315]
28294	[722]
209	[282, 283, 319]
14840	[874]
31122	[65]
52769	[108, 125]
32614	[292]
48285	[0]
24482	[919, 0, 1017, 876, 1246, 919, 1344, 0]
1280	[259]
263584	[278]
4777	[228]
37271	[486]
29608	[42]
34146	[0]
4589	[466, 383]
680	[331]
57381	[325]
