8426	[23, 150]
204028	[0]
39792	[0]
15605	[92]
28917	[801]
3491	[9, 503]
41811	[462]
7018	[2071]
262757	[115]
262750	[309]
52863	[988]
48526	[0, 354]
58308	[516]
6082	[569]
12779	[4, 5]
52940	[518]
11666	[8]
57821	[4]
1836	[0, 1015]
262612	[231]
3252	[4]
31019	[136]
29691	[0]
3257	[15, 15, 25, 15, 29]
30132	[398]
63956	[0]
28941	[196]
53070	[484]
14061	[994, 1247]
19151	[1244, 492, 489]
286	[1689, 1751]
1798	[12]
2914	[2686, 1484, 1611, 1438, 0]
59715	[0]
202194	[0]
38883	[0]
38880	[3, 287, 25]
59469	[0]
41497	[94]
6830	[351, 860, 383, 860]
36351	[2622]
39821	[410]
38809	[301]
3561	[254, 240]
41095	[645, 464]
40387	[37]
29686	[822]
14537	[1111]
4739	[180]
49835	[630]
2497	[0, 487, 513]
53828	[6]
56730	[1984]
19653	[544]
6720	[206]
20764	[688, 518]
47441	[157]
28138	[910, 455]
198290	[39]
50763	[161]
20612	[0, 0]
5392	[493]
57118	[0, 0]
5396	[5]
12859	[2159]
6453	[1518, 896]
15435	[11]
197264	[0]
202109	[983, 973]
5769	[371]
9304	[14]
25227	[67]
22652	[417]
5413	[189, 188]
1853	[483]
6667	[2536]
11039	[156]
53013	[14]
52888	[2606]
29636	[765]
10102	[0]
49605	[38]
198249	[0]
8758	[0, 127]
30844	[485, 0]
58901	[0]
34781	[0, 28]
35054	[33]
48166	[181, 173]
8455	[6]
18106	[1205]
8283	[1808]
3267	[0]
9318	[1]
36236	[0]
6939	[816, 1190, 1160, 707, 1204]
28220	[611]
6423	[603]
263623	[613]
51185	[456]
29140	[1927]
28329	[1265, 2]
133165	[799]
513	[1963]
13030	[32, 21, 38]
13237	[30, 52, 30]
6079	[512]
9002	[1705, 1708, 1695]
22548	[17]
8218	[0, 6, 7]
52752	[819]
49463	[139]
50304	[157]
20932	[37]
4181	[9913]
45177	[0]
262317	[204]
12637	[1956]
22873	[0]
10026	[57, 19]
8468	[216]
251	[2967]
25220	[1711]
3292	[10]
59689	[168]
4826	[39]
24516	[0, 0, 0, 30, 0, 0]
6762	[1845, 1594, 1876]
8596	[614]
46450	[3]
16735	[2026]
33843	[60]
34288	[138, 0, 138, 0]
34177	[159]
41695	[193]
20080	[1850]
15547	[794, 995, 0, 995]
16347	[21]
4608	[33]
196621	[0]
38726	[0, 0]
5650	[184]
1916	[1482]
27446	[4]
47872	[1402]
2895	[159]
28571	[1221]
51405	[679]
31424	[0]
2518	[0]
1103	[1027]
37271	[739]
19754	[0]
25152	[210, 1440]
553	[219]
3549	[453]
32354	[50]
14361	[523, 601]
62567	[2494]
54073	[29]
5645	[1817]
9189	[229]
25091	[479, 0, 495, 396]
7575	[1586, 2671]
25160	[724]
58511	[0, 15, 15, 0, 0, 82]
264268	[523]
50300	[541]
15301	[1328]
42541	[778]
29075	[510]
1299	[0]
7500	[60]
12350	[4]
50620	[132]
8928	[2591]
34019	[259]
28294	[1384]
209	[722, 726, 719]
14840	[1642]
31122	[7]
52769	[16, 12]
32614	[183]
48285	[0]
24482	[1152, 0, 1376, 1059, 1582, 1152, 3071, 0]
45896	[0]
1280	[677]
263584	[86]
4777	[60]
13703	[53]
29608	[106]
34146	[0]
4589	[1681, 1277]
680	[499]
57381	[29]
