8426	[340, 475]
204028	[0]
39792	[0]
15605	[61]
28917	[2607]
3491	[40, 531]
41811	[881]
7018	[1197]
262757	[479]
262750	[516]
52863	[1225]
48526	[0, 325]
8781	[553]
58308	[553]
6082	[574]
12779	[546, 536]
20562	[1501, 1501]
52940	[540]
11666	[120]
57821	[669]
1836	[0, 1925]
262612	[260]
3252	[578]
31019	[229]
29691	[0]
3257	[145, 197, 117, 117, 153]
30132	[541]
63956	[0]
28941	[443]
46450	[168]
14061	[911, 1151]
19151	[536, 1116, 539]
286	[2506, 3229]
1798	[569]
2914	[2532, 1184, 2470, 1242, 0]
59715	[0]
202194	[0]
38883	[0]
38880	[0, 1181, 935, 1786]
59469	[0]
41497	[1061]
6830	[1849, 2885, 1741, 2339]
36351	[2610]
39821	[828]
38809	[211]
3561	[1030, 479]
41095	[585, 568]
40387	[1366]
29686	[1472]
14537	[1796]
4739	[228]
49835	[1179]
2497	[4, 1095, 1062]
53828	[133]
56730	[2858]
19653	[471]
6720	[537]
20764	[588, 586]
47441	[589]
28138	[1197, 601]
198290	[739]
50763	[633]
20612	[0, 0]
5392	[1061]
57118	[0, 0]
5396	[58]
12859	[2131]
6453	[2251, 2114]
15435	[545]
202109	[2094, 2038]
5769	[570]
9304	[1464]
53001	[524]
25227	[1618]
22652	[573]
5413	[217, 528]
1853	[538]
6667	[3062]
11039	[1660]
53013	[230]
52888	[4134]
29636	[1115]
10102	[0]
49605	[110]
198249	[0]
8758	[0, 531]
30844	[0, 624]
58901	[0]
34781	[0, 2588]
35054	[30]
48166	[583, 583]
8455	[82]
18106	[2012]
8283	[2341]
3267	[0]
36236	[0]
6939	[631, 611, 1043, 939, 1835, 1825, 1191, 977, 1039, 759, 605, 1221]
28220	[572]
6423	[581]
263623	[557]
51185	[520]
29140	[4451]
28329	[1096, 32]
133165	[1850]
513	[1022]
13030	[2048, 2190, 4484]
13237	[2465, 2731, 1885]
6079	[397]
9002	[1311, 1596, 594, 1584]
22548	[50]
8218	[0, 1543, 1507]
52752	[1314]
49463	[2359]
50304	[580]
20932	[524]
4181	[11059]
45177	[0]
262317	[524]
12637	[1675]
22873	[0]
10026	[602, 591]
8468	[555]
251	[2885]
25220	[2004]
3292	[2377]
59689	[1387]
4826	[664]
24516	[0, 0, 1442, 0, 0, 0]
6762	[1370, 1440, 1404]
202032	[0, 813]
8596	[546]
53070	[525]
6360	[0]
28929	[548]
16735	[2040]
33843	[86]
34288	[1958, 0, 1970, 0]
34177	[351]
41695	[1115]
20080	[2545]
15547	[1441, 2408, 0, 2408]
16347	[413]
4608	[85]
196621	[0]
38726	[0, 0]
9026	[9]
20640	[541]
5650	[257]
1916	[2293]
27446	[49]
47872	[2059]
2895	[43]
28571	[1925]
51405	[617]
31424	[0]
2518	[0]
1103	[2416]
37271	[861]
19754	[0]
25152	[447, 1436]
553	[533]
32354	[587]
52610	[518]
14361	[575, 561]
62567	[3072]
54073	[1378]
5645	[1751]
13189	[27]
9189	[548]
25091	[582, 0, 581, 358]
7575	[2536, 5190]
25160	[979]
58511	[0, 563, 563, 0, 0, 712]
264268	[535]
50300	[650]
15301	[1644]
42541	[2228]
29075	[507]
1299	[0]
7500	[472]
12350	[532]
50620	[608]
8928	[3447]
34019	[552]
28294	[1409]
209	[877, 944, 979]
14840	[1582]
31122	[75]
52769	[192, 192]
32614	[496]
48285	[0]
29608	[44]
24482	[1893, 0, 2266, 1709, 2508, 1896, 4179, 0]
1280	[578]
263584	[542]
4777	[576]
13703	[83]
3549	[551]
34146	[0]
4589	[1101, 1125]
680	[542]
57381	[490]
