8426	[52, 82]
204028	[0]
39792	[0]
15605	[1]
28917	[7287]
3491	[69, 1604]
41811	[0]
7018	[6015]
262757	[909]
262750	[1146]
52863	[2762]
48526	[0, 1]
8781	[2715]
58308	[2769]
6082	[2557]
12779	[11, 2696, 2651]
20562	[0, 0]
52940	[1448]
11666	[5]
57821	[4187]
1836	[0, 0]
262612	[437]
3252	[4]
31019	[1303]
29691	[0]
3257	[4, 0, 0, 0]
30132	[0]
63956	[0]
28941	[2329]
53070	[1622]
14061	[0, 0]
19151	[0, 2781, 2719]
286	[6238, 9264]
1798	[2349]
2914	[10208, 4697, 9277, 4773, 0]
58621	[0]
59715	[0]
202194	[0]
38883	[0]
38880	[0, 0, 0, 2740]
59469	[0]
41497	[4285]
6830	[6813, 7324, 8112, 6503]
36351	[2]
39821	[2799]
38809	[1380]
3561	[4045, 2807]
41095	[2146, 2704]
40387	[1046]
29686	[2713]
14537	[0]
4739	[0]
24115	[0, 0]
49835	[5136]
2497	[0, 5627, 5398]
53828	[2659]
56730	[0]
19653	[2745]
6720	[2728]
20764	[2676, 2693]
47441	[2754]
26162	[661, 563, 703]
43100	[2770]
28138	[3663]
198290	[6061]
50763	[2]
20612	[0, 0]
5392	[2857]
57118	[0]
5396	[0]
12859	[0]
6453	[0, 0]
15435	[2729]
197264	[0]
202109	[0, 0]
5769	[1]
9304	[0]
53001	[2190]
25227	[474]
22652	[2814]
5413	[80, 102]
1853	[2761]
6667	[0]
11039	[5526]
53013	[441]
52888	[7540]
29636	[4233]
196621	[0]
263047	[439]
49605	[0]
198249	[0]
8758	[2762, 0]
30844	[0, 0]
58901	[0]
34781	[0, 5356]
35054	[2]
48166	[1]
8455	[0]
52720	[770]
8283	[4349]
3267	[0]
36236	[0]
6939	[5296, 4361, 2811, 5439, 2867, 2859, 11142, 2857, 4391, 2813, 5505, 4288]
28220	[1635]
6423	[2833]
263623	[2780]
51185	[2736]
18106	[0]
29140	[6202]
28329	[4175, 29]
133165	[0]
513	[2809]
13030	[10399, 4729, 8568]
13237	[10770, 0, 3681]
6079	[940]
9002	[2795, 0, 2805]
22548	[52]
8218	[0, 9538, 9505]
52752	[3396]
49463	[4727]
50304	[1]
20932	[0]
4181	[21130]
45177	[0]
262317	[922]
12637	[0]
22873	[0]
10026	[2960, 2897]
8468	[0]
251	[433]
25220	[4113]
59689	[6099]
4826	[0]
24516	[0, 0, 0, 2805, 0, 0]
6762	[6750, 6709, 6135]
202032	[2847]
8596	[2781]
6360	[0]
28929	[2698]
16735	[6741]
34288	[2724, 0, 2724, 0]
34177	[33]
41695	[0]
20080	[7749]
15547	[5202, 9380, 0, 9380]
16347	[1]
4608	[46]
38726	[0, 0]
9026	[76]
20640	[2747]
5650	[6]
1916	[8528]
27446	[6]
47872	[1998]
2895	[0]
28571	[4818]
51405	[2733]
31424	[0]
2518	[0]
1103	[0]
37271	[2788]
2516	[2831]
19754	[0]
25152	[1397, 4695]
553	[2750]
3549	[2723]
32354	[0]
52610	[1280]
14361	[0, 0]
62567	[7072]
54073	[7704]
5645	[5315]
13189	[136]
9189	[2683]
25091	[2746, 0, 1576, 2743]
7575	[8873, 11154]
25160	[2882]
58511	[0, 0, 0, 0, 0, 0]
264268	[1315]
50300	[0]
15301	[9288]
42541	[0]
29075	[2799]
1299	[0]
7500	[1739]
12350	[2783]
8928	[6288]
34019	[1]
28294	[2024]
209	[12, 38]
14840	[7928]
31122	[1]
52769	[510, 824]
32614	[2756]
48285	[0]
24482	[0, 0, 1, 25, 2, 0, 9487, 0]
45896	[0]
1280	[2851]
263584	[1439]
4777	[2825]
13703	[9]
29608	[0]
34146	[0]
4589	[5, 0]
680	[330]
57381	[0]
