8426	[307, 441]
204028	[0]
39792	[0]
15605	[19]
28917	[1027]
3491	[12, 351]
41811	[587]
7018	[885]
262757	[394]
262750	[276]
52863	[460]
48526	[0, 230]
8781	[2]
58308	[515]
6082	[556]
39821	[481]
52940	[458]
11666	[12]
57821	[436]
1836	[0, 996]
262612	[353]
3252	[430]
31019	[183]
29691	[0]
3257	[264, 231, 265, 231, 261]
30132	[416]
63956	[0]
28941	[433]
53070	[480]
14061	[622, 750]
19151	[986, 486, 493]
286	[1436, 1836]
1798	[306]
2914	[1518, 751, 1484, 791, 0]
59715	[0]
202194	[0]
38883	[0]
38880	[0, 626, 656, 470]
59469	[0]
41497	[503]
6830	[1097, 1512, 1017, 1381]
36351	[1811]
20764	[627, 533]
12779	[442, 428]
38809	[455]
3561	[655, 412]
41095	[421, 404]
40387	[669]
29686	[729]
14537	[1093]
4739	[535]
49835	[747]
2497	[216, 1007, 987]
53828	[98]
56730	[1380]
19653	[320]
6720	[397]
47441	[554]
28138	[1008]
198290	[606]
29608	[11]
20612	[0, 0]
5392	[1062]
57118	[0]
5396	[75]
12859	[993]
6453	[1211, 1013]
15435	[478]
197264	[0]
202109	[1193, 1190]
5769	[411]
9304	[509]
25227	[1026]
22652	[394]
5413	[428, 476]
1853	[419]
6667	[1522]
11039	[508]
53013	[22]
52888	[1828]
29636	[738]
10102	[0]
49605	[18]
198249	[0]
8758	[0, 38]
30844	[396, 0]
58901	[0]
34781	[0, 1522]
35054	[15]
48166	[291]
8455	[18]
18106	[1251]
8283	[854]
3267	[0]
36236	[0]
6939	[589, 732, 652, 469, 672]
28220	[471]
6423	[383]
263623	[543]
51185	[326]
29140	[1260]
28329	[887, 8]
133165	[1150]
513	[1180]
13030	[1643, 915, 1982]
13237	[1307, 1289, 919]
6079	[451]
9002	[814, 826, 827]
22548	[89]
8218	[0, 389, 343]
52752	[626]
49463	[1078]
50304	[530]
20932	[141]
4181	[4323]
45177	[0]
262317	[632]
12637	[1020]
22873	[0]
10026	[466, 460]
8468	[442]
251	[889]
25220	[1483]
3292	[971]
59689	[575]
4826	[468]
24516	[0, 0, 0, 891, 0, 0]
6762	[1203, 1052, 842]
8596	[524]
46450	[23]
6360	[0]
16735	[1453]
33843	[90]
34288	[1129, 0, 1130, 0]
34177	[194]
41695	[497]
20080	[943]
15547	[551, 1071, 0, 1071]
16347	[300]
4608	[502]
196621	[0]
38726	[0, 0, 0]
5650	[358]
1916	[1056]
27446	[4]
47872	[1327]
2895	[377]
28571	[788]
51405	[465]
31424	[0]
2518	[0]
1103	[835]
37271	[611]
19754	[0]
25152	[489, 791]
553	[451]
32354	[431]
14361	[385, 451]
62567	[1281]
54073	[744]
5645	[852]
9189	[418]
25091	[458, 0, 493, 248]
7575	[1040, 1760]
25160	[573]
58511	[0, 329, 329, 0, 0, 509]
264268	[464]
50300	[529]
15301	[1030]
42541	[464]
29075	[533]
1299	[0]
7500	[523]
12350	[440]
8928	[1761]
34019	[465]
28294	[1020]
209	[799, 1090, 998]
14840	[896]
31122	[5]
52769	[27, 22]
32614	[347]
48285	[0]
24482	[1224, 0, 1478, 1076, 1365, 1224, 2138, 0]
45896	[0]
1280	[497]
263584	[217]
4777	[583]
13703	[10]
3549	[414]
34146	[0]
4589	[626, 638]
680	[454]
57381	[477]
