8426	[2, 3]
15605	[6]
28917	[2941]
3491	[3, 3]
41811	[5]
7018	[8]
6720	[1507]
262750	[2]
52863	[3162]
58308	[2476]
6082	[2759]
12779	[3, 3]
52940	[4]
11666	[5]
57821	[2]
1836	[0, 2776]
262612	[414]
3252	[5]
31019	[4]
29691	[0]
3257	[9, 7, 11, 7, 10]
30132	[2634]
63956	[0]
53070	[2268]
38809	[1368]
19151	[2722, 5482, 2681]
286	[13, 14]
1798	[1398]
2914	[18, 7, 14, 10, 0]
59715	[0]
202194	[0]
38880	[2771, 4137, 2769]
41497	[6]
6830	[8, 12, 8, 12]
36351	[8260]
39821	[2418]
14061	[8, 12]
3561	[4, 2]
41095	[5, 5]
40387	[5435]
29686	[2780]
14537	[11]
4739	[16]
49835	[7]
2497	[982, 5481, 5525]
53828	[2]
56730	[957]
19653	[167]
262757	[5]
20764	[6, 5]
47441	[2704]
28138	[10, 5]
198290	[149]
29608	[5]
5392	[2707]
5396	[4]
12859	[7]
6453	[2991, 3097]
15435	[5]
202109	[10, 12]
5769	[2647]
9304	[2768]
25227	[5795]
22652	[2743]
5413	[5, 6]
1853	[5]
6667	[12]
11039	[2726]
53013	[3]
52888	[8498]
29636	[4]
49605	[8]
8758	[11]
30844	[2708]
34781	[0, 2778]
35054	[5]
48166	[5, 5]
8455	[13]
18106	[4379]
8283	[5093]
36236	[0]
6939	[4904, 3461, 2685, 2947, 5281]
28220	[3]
6423	[126]
263623	[6]
51185	[2]
29140	[16]
28329	[6]
133165	[4937]
513	[13]
13030	[2778, 2778, 5555]
13237	[12, 14, 10]
6079	[6]
9002	[6, 6, 6]
22548	[17]
8218	[364, 288]
52752	[3928]
49463	[223]
50304	[6]
20932	[6]
4181	[35]
45177	[0]
262317	[4]
12637	[13]
10026	[11, 11]
8468	[2665]
251	[5044]
25220	[17]
3292	[2774]
59689	[215]
4826	[2719]
24516	[0, 0, 5291, 0, 0, 0]
6762	[2780, 2775, 2774]
8596	[8]
46450	[6]
6360	[0]
16735	[14]
33843	[5]
34288	[3567, 3573, 0, 0]
32614	[3]
41695	[8]
20080	[3045]
15547	[9, 9]
16347	[127]
4608	[2597]
38726	[0, 0]
5650	[5]
1916	[6]
27446	[2]
47872	[7230]
2895	[2]
28571	[2931]
31424	[0]
2518	[0]
1103	[11]
37271	[8]
25152	[2682, 4099]
553	[8]
32354	[2747]
14361	[2753, 2696]
62567	[5828]
54073	[5857]
5645	[3632]
9189	[7]
25091	[5, 4]
7575	[4612, 11076]
58511	[0, 1555, 0, 0, 1555, 4035]
264268	[4]
50300	[2039]
15301	[6629]
42541	[4]
29075	[2734]
28941	[6]
7500	[2581]
12350	[5]
50620	[2595]
8928	[17]
34019	[7]
28294	[2945]
209	[10, 8, 3]
14840	[5388]
31122	[6]
52769	[5, 3]
25160	[2]
24482	[5510, 0, 6242, 4722, 4741, 5514, 6691]
1280	[2752]
263584	[2]
4777	[2822]
13703	[3]
3549	[5]
4589	[11, 12]
680	[5]
57381	[6]
