8426	[125, 186]
204028	[0]
39792	[0]
15605	[80]
28917	[485]
3491	[50, 213]
41811	[298]
7018	[318]
262757	[222]
262750	[117]
52863	[306]
48526	[0, 230]
58308	[271]
6082	[219]
12779	[222, 212]
52940	[223]
11666	[20]
57821	[190]
1836	[0, 518]
262612	[184]
3252	[205]
31019	[19]
29691	[0]
3257	[166, 150, 178, 150, 175]
30132	[220]
63956	[0]
28941	[214]
53070	[194]
14061	[281, 416]
19151	[484, 215, 221]
286	[388, 395]
1798	[317]
2914	[750, 351, 665, 336, 0]
59715	[0]
202194	[0]
38883	[0]
38880	[414, 386, 411]
59469	[0]
41497	[281]
6830	[381, 468, 346, 403]
36351	[705]
20764	[287, 296]
38809	[295]
3561	[210, 156]
41095	[187, 179]
40387	[260]
29686	[399]
14537	[617]
4739	[447]
49835	[421]
2497	[133, 532, 545]
53828	[148]
56730	[795]
19653	[180]
6720	[300]
47441	[364]
28138	[492, 247]
198290	[320]
29608	[112]
20612	[0, 0]
5392	[670]
57118	[0, 0]
5396	[131]
12859	[321]
6453	[374, 403]
15435	[246]
197264	[0]
202109	[705, 712]
5769	[223]
9304	[311]
25227	[835]
22652	[191]
5413	[222, 280]
1853	[186]
6667	[675]
11039	[240]
53013	[149]
52888	[792]
29636	[506]
196621	[0]
49605	[38]
198249	[0]
8758	[0, 74]
30844	[189, 0]
58901	[0]
34781	[0, 813]
35054	[95]
48166	[293, 286]
8455	[88]
18106	[728]
8283	[765]
3267	[0]
9318	[3]
36236	[0]
6939	[336, 350, 290, 222, 216]
28220	[222]
6423	[154]
263623	[294]
51185	[191]
39821	[208]
29140	[794]
28329	[416, 18]
133165	[748]
513	[520]
13030	[622, 725, 1527]
13237	[718, 992, 634]
6079	[262]
9002	[374, 390, 381]
22548	[189]
8218	[0, 258, 225]
52752	[295]
49463	[546]
50304	[284]
20932	[195]
4181	[2194]
45177	[0]
262317	[258]
12637	[530]
22873	[0]
10026	[235, 232]
8468	[212]
251	[730]
25220	[837]
3292	[497]
59689	[273]
4826	[257]
24516	[0, 0, 0, 597, 0, 0]
6762	[467, 536, 495]
8596	[264]
46450	[47]
16735	[697]
33843	[44]
34288	[731, 0, 738, 0]
34177	[187]
41695	[282]
20080	[492]
15547	[585, 661, 0, 661]
16347	[136]
4608	[220]
38726	[0, 0]
5650	[237]
1916	[606]
27446	[98]
47872	[945]
2895	[144]
28571	[357]
51405	[396]
31424	[0]
2518	[0]
1103	[420]
37271	[306]
19754	[0]
25152	[339, 548]
553	[272]
32354	[216]
14361	[211, 219]
62567	[793]
54073	[407]
5645	[635]
9189	[221]
25091	[217, 0, 215, 196]
7575	[691, 1114]
25160	[239]
58511	[0, 279, 279, 0, 0, 398]
264268	[224]
50300	[218]
15301	[411]
42541	[379]
29075	[252]
1299	[0]
7500	[321]
12350	[181]
50620	[280]
8928	[940]
34019	[298]
28294	[499]
209	[404, 382, 417]
14840	[738]
31122	[146]
52769	[227, 147]
32614	[186]
48285	[0]
24482	[493, 0, 572, 454, 864, 493, 1064, 0]
45896	[0]
1280	[276]
263584	[181]
4777	[305]
13703	[71]
3549	[173]
34146	[0]
4589	[551, 549]
680	[233]
57381	[269]
