8426	[33, 316]
204028	[0]
39792	[0]
15605	[26]
28917	[234]
3491	[11, 332]
41811	[397]
7018	[543]
262757	[280]
262750	[200]
52863	[289]
48526	[0, 159]
58308	[406]
6082	[240]
12779	[294, 290]
52940	[410]
11666	[231]
57821	[234]
1836	[0, 594]
262612	[328]
3252	[236]
31019	[90]
29691	[0]
3257	[230, 234, 235, 234, 234]
30132	[235]
63956	[0]
28941	[382]
53070	[238]
14061	[417, 637]
19151	[680, 354, 343]
286	[748, 741]
8222	[26]
1798	[281]
2914	[1144, 499, 834, 457, 0]
59715	[0]
202194	[0]
38883	[0]
38880	[639, 322, 425]
59469	[0]
41497	[416]
6830	[671, 768, 703, 762]
36351	[1145]
39821	[235]
38809	[317]
3561	[244, 249]
41095	[412, 388]
40387	[234]
29686	[234]
14537	[765]
4739	[413]
49835	[356]
2497	[234, 487, 493]
53828	[38]
56730	[682]
19653	[252]
6720	[348]
20764	[420, 464]
47441	[346]
28138	[767]
198290	[342]
50763	[38]
20612	[0, 0]
5392	[318]
57118	[0]
5396	[23]
12859	[415]
6453	[675, 808]
15435	[363]
197264	[0]
202109	[794, 792]
5769	[289]
9304	[234]
37989	[234]
25227	[480]
22652	[234]
5413	[332, 452]
1853	[355]
6667	[468]
11039	[349]
53013	[137]
52888	[790]
29636	[234]
196621	[0]
49605	[234]
198249	[0]
8758	[0, 564]
30844	[286, 0]
58901	[0]
34781	[0, 691]
35054	[12]
48166	[337]
8455	[516]
18106	[911]
8283	[343]
3267	[0]
36236	[0]
6939	[278, 232, 234, 227, 234]
28220	[419]
6423	[236]
263623	[430]
51185	[234]
29140	[555]
28329	[821, 4]
133165	[680]
513	[506]
13030	[589, 368, 720]
13237	[506, 603, 448]
6079	[265]
9002	[471, 468, 467]
22548	[427]
8218	[0, 629, 497]
52752	[360]
49463	[845]
50304	[362]
20932	[330]
4181	[4642]
45177	[0]
262317	[460]
12637	[285]
22873	[0]
10026	[251, 242]
8468	[409]
251	[1077]
25220	[789]
3292	[527]
59689	[441]
4826	[354]
24516	[0, 0, 0, 307, 0, 0]
6762	[701, 790, 724]
8596	[304]
46450	[234]
16735	[821]
33843	[84]
34288	[235, 0, 237, 0]
34177	[198]
41695	[340]
20080	[705]
15547	[196, 289, 0, 289]
16347	[234]
4608	[235]
38726	[0, 0]
5650	[384]
1916	[936]
27446	[24]
47872	[873]
2895	[246]
28571	[293]
51405	[329]
31424	[0]
2518	[0]
1103	[331]
37271	[596]
19754	[0]
25152	[234, 553]
553	[352]
3549	[447]
32354	[351]
14361	[235, 247]
62567	[1175]
54073	[303]
5645	[465]
9189	[321]
25091	[320, 0, 357, 215]
7575	[1245, 1522]
25160	[414]
58511	[0, 233, 233, 0, 0, 234]
264268	[413]
50300	[361]
15301	[235]
42541	[316]
29075	[544]
1299	[0]
7500	[234]
12350	[292]
8928	[947]
34019	[411]
28294	[527]
209	[760, 632, 798]
14840	[460]
31122	[268]
52769	[123, 133]
32614	[232]
48285	[0]
24482	[548, 0, 620, 497, 1361, 548, 1466, 0]
45896	[0]
1280	[322]
263584	[57]
4777	[234]
13703	[77]
29608	[19]
34146	[0]
4589	[614, 788]
680	[344]
57381	[334]
