8426	[12, 0]
204028	[0]
39792	[0]
15605	[1]
28917	[272]
3491	[11, 333]
41811	[237]
7018	[542]
262757	[267]
262750	[202]
52863	[313]
48526	[0, 157]
58308	[312]
6082	[14]
12779	[0, 1]
52940	[414]
11666	[240]
57821	[0]
1836	[0, 0]
262612	[326]
3252	[233]
31019	[103]
29691	[0]
3257	[230, 234, 235, 234, 234]
30132	[235]
63956	[0]
28941	[341]
53070	[273]
14061	[427, 653]
19151	[174, 1, 67]
286	[773, 781]
8222	[40]
1798	[0]
2914	[1148, 497, 844, 447, 0]
59715	[0]
202194	[0]
38883	[0]
38880	[0, 234, 0]
59469	[0]
41497	[234]
6830	[679, 896, 707, 854]
36351	[1160]
39821	[251]
38809	[324]
3561	[253, 249]
41095	[409, 393]
29686	[297]
14537	[687]
4739	[420]
49835	[357]
2497	[234, 481, 492]
53828	[34]
56730	[0]
19653	[253]
6720	[465]
20764	[376, 429]
47441	[349]
28138	[745, 372]
198290	[1]
50763	[39]
20612	[0, 0]
5392	[0]
57118	[0, 0]
5396	[30]
12859	[435]
6453	[0, 0]
15435	[367]
197264	[0]
202109	[765, 746]
5769	[1]
9304	[0]
37989	[234]
25227	[623]
22652	[234]
5413	[356, 470]
1853	[352]
6667	[819]
11039	[240]
53013	[165]
52888	[798]
29636	[234]
10102	[0]
49605	[234]
198249	[0]
8758	[0, 372]
30844	[0, 0]
58901	[0]
34781	[0, 673]
35054	[10]
48166	[232, 232]
8455	[816]
18106	[0]
8283	[520]
3267	[0]
36236	[0]
6939	[266, 345, 278, 247, 258]
28220	[425]
6423	[241]
263623	[436]
51185	[246]
29140	[997]
28329	[829, 6]
133165	[602]
513	[518]
13030	[631, 364, 716]
13237	[761, 1265, 671]
6079	[265]
9002	[0, 0, 0]
22548	[433]
8218	[0, 604, 490]
52752	[369]
49463	[768]
50304	[289]
20932	[166]
4181	[4308]
45177	[0]
262317	[500]
12637	[305]
22873	[0]
10026	[28, 26]
8468	[406]
251	[0]
25220	[895]
3292	[889]
59689	[439]
4826	[251]
24516	[0, 0, 0, 0, 0]
6762	[697, 805, 734]
8596	[303]
46450	[234]
16735	[564]
33843	[84]
34288	[461, 0, 465, 0]
34177	[5]
41695	[0]
20080	[730]
15547	[205, 323, 0, 323]
16347	[233]
4608	[237]
196621	[0]
38726	[0, 0]
1916	[468]
27446	[9]
47872	[865]
2895	[240]
28571	[296]
51405	[319]
31424	[0]
2518	[0]
1103	[835]
37271	[603]
19754	[0]
25152	[234, 544]
553	[357]
3549	[452]
32354	[239]
14361	[234, 247]
62567	[0]
54073	[0]
5645	[482]
9189	[53]
25091	[320, 0, 356, 208]
7575	[1178, 1608]
25160	[0]
58511	[0, 345, 345, 0, 0, 439]
264268	[418]
50300	[335]
15301	[2]
42541	[236]
29075	[1]
1299	[0]
7500	[234]
12350	[0]
50620	[1]
8928	[1676]
34019	[479]
28294	[533]
209	[772, 668, 771]
14840	[472]
31122	[1]
52769	[148, 160]
32614	[233]
48285	[0]
24482	[0, 0, 1, 30, 0, 0, 0, 0]
45896	[0]
1280	[153]
263584	[63]
4777	[234]
13703	[27]
29608	[19]
34146	[0]
4589	[708, 739]
680	[313]
57381	[0]
