8426	[12, 0]
204028	[0]
39792	[0]
15605	[1]
28917	[264]
3491	[11, 333]
41811	[237]
7018	[547]
262757	[266]
262750	[202]
52863	[310]
48526	[0, 157]
58308	[311]
6082	[14]
12779	[0, 1]
52940	[414]
11666	[240]
57821	[0]
1836	[0, 0]
262612	[326]
3252	[233]
31019	[102]
29691	[0]
3257	[230, 234, 235, 234, 234]
30132	[235]
63956	[0]
28941	[341]
53070	[274]
14061	[427, 654]
19151	[174, 1, 67]
286	[772, 776]
8222	[40]
1798	[0]
2914	[1144, 494, 846, 447, 0]
59715	[0]
202194	[0]
38883	[0]
38880	[0, 234, 0]
59469	[0]
41497	[234]
6830	[684, 896, 711, 854]
36351	[1159]
39821	[251]
38809	[324]
3561	[254, 249]
41095	[410, 390]
29686	[297]
14537	[693]
4739	[422]
49835	[357]
2497	[234, 481, 490]
53828	[36]
56730	[0]
19653	[252]
6720	[466]
20764	[377, 430]
47441	[349]
28138	[743, 371]
198290	[1]
50763	[39]
20612	[0, 0]
5392	[0]
57118	[0, 0]
5396	[30]
12859	[434]
6453	[0, 0]
15435	[367]
197264	[0]
202109	[750, 745]
5769	[1]
9304	[0]
37989	[234]
25227	[635]
22652	[234]
5413	[356, 471]
1853	[352]
6667	[815]
11039	[240]
53013	[165]
52888	[786]
29636	[234]
10102	[0]
49605	[234]
198249	[0]
8758	[0, 372]
30844	[0, 0]
58901	[0]
34781	[0, 672]
35054	[10]
48166	[232, 232]
8455	[814]
18106	[0]
8283	[517]
3267	[0]
36236	[0]
6939	[264, 347, 276, 246, 259]
28220	[422]
6423	[241]
263623	[436]
51185	[246]
29140	[980]
28329	[826, 6]
133165	[593]
513	[520]
13030	[623, 367, 717]
13237	[760, 1262, 678]
6079	[266]
9002	[0, 0, 0]
22548	[444]
8218	[0, 602, 491]
52752	[367]
49463	[759]
50304	[287]
20932	[202]
4181	[4304]
45177	[0]
262317	[502]
12637	[305]
22873	[0]
10026	[28, 26]
8468	[406]
251	[0]
25220	[894]
3292	[888]
59689	[438]
4826	[250]
24516	[0, 0, 0, 0, 0]
6762	[704, 807, 727]
8596	[304]
46450	[234]
16735	[562]
33843	[84]
34288	[458, 0, 462, 0]
34177	[5]
41695	[0]
20080	[728]
15547	[204, 322, 0, 322]
16347	[233]
4608	[237]
196621	[0]
38726	[0, 0]
1916	[468]
27446	[9]
47872	[863]
2895	[240]
28571	[291]
51405	[319]
31424	[0]
2518	[0]
1103	[835]
13703	[15]
19754	[0]
25152	[234, 543]
553	[358]
3549	[452]
32354	[238]
14361	[234, 247]
62567	[0]
54073	[0]
5645	[481]
9189	[53]
25091	[318, 0, 356, 207]
7575	[1155, 1610]
25160	[0]
58511	[0, 345, 345, 0, 0, 438]
264268	[418]
50300	[336]
15301	[2]
42541	[236]
29075	[1]
1299	[0]
7500	[234]
12350	[0]
50620	[1]
8928	[1680]
34019	[482]
28294	[529]
209	[773, 665, 775]
14840	[472]
31122	[1]
52769	[148, 160]
32614	[233]
48285	[0]
24482	[0, 0, 1, 30, 0, 0, 0, 0]
45896	[0]
1280	[153]
263584	[64]
4777	[234]
37271	[603]
29608	[19]
34146	[0]
4589	[706, 742]
680	[313]
57381	[0]
