8426	[31, 313]
204028	[0]
39792	[0]
15605	[27]
28917	[234]
3491	[11, 333]
41811	[397]
7018	[545]
262757	[280]
262750	[200]
52863	[289]
48526	[0, 159]
58308	[406]
6082	[240]
12779	[295, 291]
52940	[411]
11666	[231]
57821	[234]
1836	[0, 597]
262612	[328]
3252	[235]
31019	[90]
29691	[0]
3257	[230, 234, 235, 234, 234]
30132	[235]
63956	[0]
28941	[383]
53070	[238]
14061	[417, 637]
19151	[678, 364, 345]
286	[752, 741]
8222	[26]
1798	[279]
2914	[1144, 497, 832, 458, 0]
59715	[0]
202194	[0]
38883	[0]
38880	[638, 321, 425]
59469	[0]
41497	[417]
6830	[670, 770, 701, 766]
36351	[1151]
39821	[235]
38809	[316]
3561	[244, 249]
41095	[412, 388]
40387	[234]
29686	[234]
14537	[766]
4739	[413]
49835	[356]
2497	[234, 486, 493]
53828	[38]
56730	[679]
19653	[253]
6720	[348]
20764	[420, 468]
47441	[346]
28138	[767]
198290	[342]
50763	[38]
20612	[0, 0]
5392	[320]
57118	[0]
5396	[23]
12859	[410]
6453	[673, 806]
15435	[363]
197264	[0]
202109	[796, 798]
5769	[289]
9304	[234]
37989	[234]
25227	[480]
22652	[234]
5413	[332, 453]
1853	[355]
6667	[468]
11039	[349]
53013	[137]
52888	[786]
29636	[234]
196621	[0]
49605	[234]
198249	[0]
8758	[0, 570]
30844	[285, 0]
58901	[0]
34781	[0, 694]
35054	[12]
48166	[339]
8455	[515]
18106	[909]
8283	[344]
3267	[0]
36236	[0]
6939	[277, 232, 234, 227, 234]
28220	[419]
6423	[236]
263623	[430]
51185	[234]
29140	[554]
28329	[820, 4]
133165	[679]
513	[506]
13030	[590, 366, 716]
13237	[507, 608, 452]
6079	[264]
9002	[472, 469, 468]
22548	[427]
8218	[0, 625, 499]
52752	[360]
49463	[850]
50304	[362]
20932	[312]
4181	[4640]
45177	[0]
262317	[460]
12637	[285]
22873	[0]
10026	[251, 242]
8468	[409]
251	[1072]
25220	[789]
3292	[527]
59689	[442]
4826	[354]
24516	[0, 0, 0, 307, 0, 0]
6762	[701, 789, 719]
8596	[304]
46450	[234]
16735	[821]
33843	[84]
34288	[235, 0, 237, 0]
34177	[203]
41695	[340]
20080	[701]
15547	[199, 292, 0, 292]
16347	[234]
4608	[235]
38726	[0, 0]
5650	[382]
1916	[936]
27446	[24]
47872	[874]
2895	[247]
28571	[293]
51405	[329]
31424	[0]
2518	[0]
1103	[331]
37271	[593]
19754	[0]
25152	[234, 553]
553	[353]
3549	[447]
32354	[351]
14361	[235, 248]
62567	[1178]
54073	[301]
5645	[465]
9189	[321]
25091	[320, 0, 358, 215]
7575	[1250, 1530]
25160	[414]
58511	[0, 233, 233, 0, 0, 234]
264268	[413]
50300	[362]
15301	[235]
42541	[315]
29075	[544]
1299	[0]
7500	[234]
12350	[292]
8928	[942]
34019	[410]
28294	[518]
209	[760, 635, 799]
14840	[460]
31122	[267]
52769	[123, 133]
32614	[232]
48285	[0]
24482	[547, 0, 624, 495, 1357, 547, 1469, 0]
45896	[0]
1280	[322]
263584	[57]
4777	[234]
13703	[77]
29608	[19]
34146	[0]
4589	[612, 788]
680	[345]
57381	[334]
