8426	[31, 313]
204028	[0]
39792	[0]
15605	[27]
28917	[234]
3491	[11, 333]
41811	[395]
7018	[545]
262757	[277]
262750	[200]
52863	[289]
48526	[0, 159]
58308	[405]
6082	[240]
12779	[295, 291]
52940	[411]
11666	[231]
57821	[234]
1836	[0, 598]
262612	[328]
3252	[236]
31019	[90]
29691	[0]
3257	[230, 234, 235, 234, 234]
30132	[235]
63956	[0]
28941	[383]
53070	[238]
14061	[418, 640]
19151	[678, 353, 345]
286	[746, 740]
8222	[29]
1798	[280]
2914	[1144, 501, 832, 461, 0]
59715	[0]
202194	[0]
38883	[0]
38880	[634, 321, 425]
59469	[0]
41497	[417]
6830	[673, 769, 707, 764]
36351	[1155]
39821	[235]
38809	[317]
3561	[243, 249]
41095	[411, 388]
40387	[234]
29686	[234]
14537	[763]
4739	[413]
49835	[356]
2497	[234, 487, 493]
53828	[38]
56730	[677]
19653	[253]
6720	[347]
20764	[420, 467]
47441	[345]
28138	[765, 382]
198290	[341]
50763	[38]
20612	[0, 0]
5392	[320]
57118	[0, 0]
5396	[23]
12859	[415]
6453	[671, 808]
15435	[361]
197264	[0]
202109	[793, 788]
5769	[291]
9304	[234]
37989	[235]
25227	[478]
22652	[234]
5413	[332, 453]
1853	[356]
6667	[468]
11039	[350]
53013	[137]
52888	[780]
29636	[234]
196621	[0]
49605	[234]
198249	[0]
8758	[0, 571]
30844	[286, 0]
58901	[0]
34781	[0, 694]
35054	[12]
48166	[340, 339]
8455	[514]
18106	[910]
8283	[344]
3267	[0]
36236	[0]
6939	[273, 232, 234, 227, 234]
28220	[421]
6423	[236]
263623	[430]
51185	[234]
29140	[550]
28329	[820, 4]
133165	[676]
513	[508]
13030	[578, 363, 714]
13237	[506, 607, 445]
6079	[264]
9002	[472, 469, 468]
22548	[426]
8218	[0, 633, 502]
52752	[360]
49463	[850]
50304	[362]
20932	[323]
4181	[4659]
45177	[0]
262317	[460]
12637	[283]
22873	[0]
10026	[251, 242]
8468	[409]
251	[1083]
25220	[793]
3292	[537]
59689	[444]
4826	[354]
24516	[0, 0, 0, 307, 0, 0]
6762	[705, 786, 715]
8596	[304]
46450	[234]
16735	[820]
33843	[84]
34288	[235, 0, 237, 0]
34177	[205]
41695	[340]
20080	[695]
15547	[201, 293, 0, 293]
16347	[234]
4608	[235]
38726	[0, 0]
5650	[378]
1916	[936]
27446	[24]
47872	[873]
2895	[247]
28571	[288]
51405	[330]
31424	[0]
2518	[0]
1103	[334]
37271	[593]
19754	[0]
25152	[234, 560]
553	[352]
3549	[446]
32354	[351]
14361	[235, 249]
62567	[1174]
54073	[300]
5645	[465]
9189	[323]
25091	[320, 0, 358, 216]
7575	[1263, 1538]
25160	[410]
58511	[0, 233, 233, 0, 0, 234]
264268	[413]
50300	[362]
15301	[235]
42541	[315]
29075	[545]
1299	[0]
7500	[234]
12350	[292]
50620	[311]
8928	[933]
34019	[408]
28294	[520]
209	[754, 627, 803]
14840	[460]
31122	[267]
52769	[137, 133]
32614	[232]
48285	[0]
24482	[541, 0, 623, 489, 1359, 541, 1463, 0]
45896	[0]
1280	[322]
263584	[57]
4777	[234]
13703	[77]
29608	[19]
34146	[0]
4589	[614, 783]
680	[343]
57381	[333]
