8426	[222, 262]
204028	[0]
39792	[0]
15605	[1]
28917	[262]
3491	[11, 333]
41811	[237]
7018	[564]
262757	[266]
262750	[200]
52863	[294]
48526	[0, 157]
58308	[311]
6082	[8]
12779	[0, 1]
52940	[414]
11666	[240]
57821	[0]
1836	[0, 0]
262612	[326]
3252	[233]
31019	[100]
29691	[0]
3257	[230, 234, 235, 234, 234]
30132	[247]
63956	[0]
28941	[341]
53070	[263]
14061	[426, 670]
19151	[174, 1, 67]
286	[774, 779]
8222	[46]
1798	[0]
2914	[1206, 495, 846, 447, 0]
59715	[0]
202194	[0]
38883	[0]
38880	[0, 298, 0]
59469	[0]
41497	[234]
6830	[749, 859, 785, 865]
36351	[1133]
39821	[251]
38809	[324]
3561	[243, 249]
41095	[410, 390]
29686	[560]
14537	[693]
4739	[0]
49835	[357]
2497	[242, 481, 528]
53828	[30]
56730	[0]
19653	[258]
6720	[469]
20764	[377, 430]
47441	[351]
28138	[744, 372]
198290	[1]
50763	[39]
20612	[0, 0]
5392	[276]
57118	[0, 0]
5396	[27]
12859	[446]
6453	[411, 510]
15435	[364]
197264	[0]
202109	[716, 721]
5769	[240]
9304	[0]
37989	[255]
25227	[390]
22652	[234]
5413	[355, 471]
1853	[352]
6667	[812]
11039	[240]
53013	[140]
52888	[786]
29636	[234]
10102	[0]
49605	[234]
198249	[0]
8758	[0, 371]
30844	[4, 0]
58901	[0]
34781	[0, 649]
35054	[9]
48166	[232, 232]
8455	[815]
18106	[509]
8283	[517]
3267	[0]
36236	[0]
6939	[0, 0, 0, 1]
28220	[419]
6423	[256]
263623	[438]
51185	[246]
29140	[966]
28329	[826, 6]
133165	[629]
513	[555]
13030	[632, 365, 711]
13237	[744, 1261, 667]
6079	[266]
9002	[412, 411, 410]
22548	[442]
8218	[0, 604, 493]
52752	[365]
49463	[776]
50304	[290]
20932	[225]
4181	[4618]
45177	[0]
262317	[490]
12637	[303]
22873	[0]
10026	[0]
8468	[349]
251	[0]
25220	[935]
3292	[965]
59689	[439]
4826	[249]
24516	[0, 0, 0, 0, 0]
6762	[704, 854, 726]
8596	[304]
46450	[234]
16735	[557]
33843	[93]
34288	[466, 0, 470, 0]
34177	[5]
41695	[0]
20080	[727]
15547	[204, 316, 0, 316]
16347	[233]
4608	[237]
196621	[0]
38726	[0, 0]
5650	[360]
1916	[468]
27446	[15]
47872	[989]
2895	[240]
28571	[290]
51405	[318]
31424	[0]
2518	[0]
1103	[740]
37271	[596]
19754	[0]
25152	[234, 567]
553	[361]
3549	[452]
32354	[238]
14361	[234, 247]
62567	[1160]
54073	[0]
5645	[476]
9189	[236]
25091	[370, 0, 356, 232]
7575	[1155, 1524]
25160	[0]
58511	[0, 297, 297, 0, 0, 412]
264268	[418]
50300	[335]
15301	[2]
42541	[236]
29075	[233]
1299	[0]
7500	[235]
12350	[0]
50620	[1]
8928	[1679]
34019	[488]
28294	[526]
209	[766, 663, 803]
14840	[462]
31122	[279]
52769	[127, 132]
32614	[232]
48285	[0]
24482	[427, 0, 482, 408, 804, 426, 0, 0]
45896	[0]
1280	[287]
263584	[66]
4777	[282]
13703	[36]
29608	[19]
34146	[0]
4589	[721, 758]
680	[314]
57381	[0]
