8426	[21, 0]
204028	[0]
39792	[0]
15605	[27]
28917	[282]
3491	[10, 330]
41811	[447]
7018	[612]
262757	[30]
262750	[230]
52863	[319]
48526	[0, 159]
8781	[3]
58308	[425]
6082	[0]
12779	[323, 316]
52940	[426]
11666	[231]
57821	[237]
1836	[0, 608]
262612	[336]
3252	[289]
31019	[124]
29691	[0]
3257	[230, 234, 235, 234, 234]
30132	[237]
63956	[0]
28941	[403]
53070	[271]
14061	[456, 634]
19151	[718, 383, 358]
286	[868, 852]
8222	[42]
1798	[289]
2914	[1138, 521, 944, 500, 0]
59715	[0]
202194	[0]
38883	[0]
38880	[0, 234, 437]
59469	[0]
41497	[444]
6830	[640, 796, 685, 799]
36351	[731]
39821	[253]
38809	[333]
3561	[354, 246]
41095	[427, 420]
29686	[234]
14537	[760]
4739	[0]
49835	[377]
2497	[234, 484, 497]
53828	[22]
56730	[757]
19653	[280]
6720	[358]
20764	[447, 492]
47441	[3]
28138	[0, 0]
198290	[365]
50763	[49]
20612	[0, 0]
5392	[0]
57118	[0, 0]
5396	[22]
12859	[468]
6453	[0, 0]
15435	[280]
197264	[0]
202109	[823, 815]
5769	[1]
9304	[262]
37989	[249]
25227	[8]
22652	[234]
5413	[363, 478]
1853	[368]
6667	[497]
11039	[373]
53013	[235]
52888	[808]
29636	[269]
10102	[0]
49605	[234]
198249	[0]
8758	[0, 692]
30844	[0, 0]
58901	[0]
34781	[0, 674]
35054	[14]
48166	[123, 124]
8455	[502]
18106	[0]
8283	[436]
3267	[0]
36236	[0]
6939	[0, 0, 0, 1]
28220	[436]
6423	[249]
263623	[449]
51185	[275]
29140	[514]
28329	[868, 14]
133165	[710]
513	[519]
13030	[655, 373, 740]
13237	[491, 589, 440]
6079	[265]
9002	[0, 0, 0]
22548	[416]
8218	[0, 653, 551]
52752	[373]
49463	[817]
50304	[390]
20932	[362]
4181	[4406]
45177	[0]
262317	[510]
12637	[302]
22873	[0]
10026	[365, 355]
8468	[430]
251	[0]
25220	[888]
3292	[649]
59689	[474]
4826	[0]
24516	[0, 0, 0, 0, 0]
6762	[725, 855, 770]
8596	[319]
16735	[0]
33843	[82]
34288	[4, 0, 4, 0]
34177	[117]
41695	[358]
20080	[715]
15547	[207, 391, 0, 391]
16347	[245]
4608	[238]
196621	[0]
38726	[0, 0]
1916	[968]
27446	[10]
47872	[0]
2895	[273]
28571	[334]
51405	[331]
31424	[0]
2518	[0]
1103	[273]
37271	[633]
19754	[0]
25152	[234, 0]
553	[383]
3549	[446]
32354	[359]
14361	[235, 251]
62567	[63]
54073	[0]
9189	[360]
25091	[354, 0, 375, 209]
7575	[1208, 1596]
25160	[432]
58511	[0, 235, 235, 0, 0, 234]
264268	[431]
50300	[393]
15301	[0]
42541	[393]
29075	[515]
1299	[0]
7500	[0]
12350	[325]
50620	[333]
8928	[940]
34019	[428]
28294	[251]
209	[762, 682, 862]
14840	[560]
31122	[1]
52769	[233, 233]
32614	[245]
48285	[0]
24482	[320, 0, 319, 297, 0, 320, 0, 0]
45896	[0]
1280	[207]
263584	[49]
4777	[0]
13703	[52]
29608	[21]
34146	[0]
4589	[676, 798]
680	[367]
57381	[361]
