8426	[30, 315]
204028	[0]
39792	[0]
15605	[26]
28917	[234]
3491	[11, 332]
41811	[395]
7018	[543]
262757	[278]
262750	[200]
52863	[289]
48526	[0, 159]
58308	[405]
6082	[240]
12779	[296, 292]
52940	[411]
11666	[231]
57821	[234]
1836	[0, 598]
262612	[328]
3252	[234]
31019	[90]
29691	[0]
3257	[230, 234, 235, 234, 234]
30132	[235]
63956	[0]
28941	[382]
53070	[238]
14061	[417, 638]
19151	[676, 356, 344]
286	[745, 739]
8222	[29]
1798	[280]
2914	[1146, 502, 832, 461, 0]
59715	[0]
202194	[0]
38883	[0]
38880	[635, 322, 426]
59469	[0]
41497	[416]
6830	[675, 768, 707, 760]
36351	[1156]
39821	[235]
38809	[317]
3561	[244, 248]
41095	[411, 388]
40387	[234]
29686	[234]
14537	[763]
4739	[413]
49835	[356]
2497	[234, 488, 493]
53828	[38]
56730	[669]
19653	[253]
6720	[347]
20764	[420, 467]
47441	[345]
28138	[767, 383]
198290	[341]
50763	[38]
20612	[0, 0]
5392	[320]
57118	[0, 0]
5396	[23]
12859	[416]
6453	[669, 803]
15435	[361]
197264	[0]
202109	[797, 797]
5769	[291]
9304	[234]
37989	[235]
25227	[478]
22652	[234]
5413	[332, 452]
1853	[356]
6667	[468]
11039	[350]
53013	[137]
52888	[782]
29636	[234]
196621	[0]
49605	[234]
198249	[0]
8758	[0, 569]
30844	[286, 0]
58901	[0]
34781	[0, 693]
35054	[12]
48166	[338, 337]
8455	[514]
18106	[920]
8283	[344]
3267	[0]
36236	[0]
6939	[276, 232, 234, 227, 234]
28220	[423]
6423	[236]
263623	[430]
51185	[234]
29140	[546]
28329	[820, 4]
133165	[676]
513	[508]
13030	[583, 367, 724]
13237	[508, 609, 447]
6079	[265]
9002	[472, 469, 468]
22548	[427]
8218	[0, 631, 502]
52752	[360]
49463	[850]
50304	[362]
20932	[324]
4181	[4660]
45177	[0]
262317	[460]
12637	[283]
22873	[0]
10026	[251, 242]
8468	[409]
251	[1078]
25220	[793]
3292	[536]
59689	[444]
4826	[354]
24516	[0, 0, 0, 307, 0, 0]
6762	[707, 788, 716]
8596	[304]
46450	[234]
16735	[821]
33843	[84]
34288	[235, 0, 237, 0]
34177	[203]
41695	[340]
20080	[696]
15547	[201, 293, 0, 293]
16347	[234]
4608	[235]
38726	[0, 0]
5650	[379]
1916	[936]
27446	[24]
47872	[873]
2895	[247]
28571	[289]
51405	[331]
31424	[0]
2518	[0]
1103	[334]
37271	[597]
19754	[0]
25152	[234, 560]
553	[352]
3549	[446]
32354	[351]
14361	[235, 249]
62567	[1176]
54073	[301]
5645	[465]
9189	[323]
25091	[320, 0, 358, 216]
7575	[1260, 1532]
25160	[410]
58511	[0, 233, 233, 0, 0, 234]
264268	[413]
50300	[361]
15301	[235]
42541	[315]
29075	[545]
1299	[0]
7500	[234]
12350	[292]
50620	[311]
8928	[933]
34019	[408]
28294	[522]
209	[758, 631, 807]
14840	[460]
31122	[267]
52769	[123, 133]
32614	[232]
48285	[0]
24482	[542, 0, 624, 490, 1357, 542, 1464, 0]
45896	[0]
1280	[322]
263584	[57]
4777	[234]
13703	[77]
29608	[19]
34146	[0]
4589	[614, 783]
680	[343]
57381	[334]
