8426	[85, 180]
204028	[0]
39792	[0]
15605	[64]
28917	[1319]
3491	[113, 381]
41811	[262]
7018	[780]
262757	[146]
262750	[255]
52863	[549]
48526	[0, 143]
8781	[2]
58308	[303]
6082	[143]
12779	[86, 85]
52940	[430]
11666	[21]
57821	[185]
1836	[0, 324]
262612	[108]
3252	[182]
31019	[122]
29691	[0]
3257	[28, 22, 29, 22, 29]
30132	[264]
63956	[0]
28941	[187]
53070	[316]
14061	[358, 478]
19151	[400, 118, 242]
286	[1292, 1277]
1798	[94]
2914	[2096, 1009, 1056, 1037, 0]
59715	[0]
202194	[0]
38883	[0]
38880	[331, 399, 81]
59469	[0]
41497	[85]
6830	[1312, 1346, 1364, 1218]
36351	[1398]
39821	[259]
38809	[124]
3561	[646, 323]
41095	[406, 281]
40387	[125]
29686	[529]
14537	[1209]
4739	[413]
49835	[362]
2497	[23, 544, 577]
53828	[133]
56730	[1224]
19653	[238]
6720	[186]
20764	[331, 419]
47441	[292]
28138	[610]
198290	[422]
50763	[186]
20612	[0, 0]
5392	[386]
57118	[0]
5396	[55]
12859	[893]
6453	[772, 858]
15435	[239]
197264	[0]
202109	[1127, 1100]
5769	[231]
9304	[197]
25227	[750]
22652	[281]
5413	[203, 229]
1853	[289]
6667	[1290]
11039	[155]
53013	[45]
52888	[2486]
29636	[956]
10102	[0]
49605	[81]
198249	[0]
8758	[0, 131]
30844	[224, 0]
58901	[0]
34781	[0, 982]
35054	[89]
48166	[187]
8455	[35]
18106	[956]
8283	[750]
3267	[0]
36236	[0]
6939	[426, 213, 331, 192, 176]
28220	[441]
6423	[74]
263623	[502]
51185	[244]
29140	[1003]
28329	[886]
133165	[1047]
513	[896]
13030	[678, 663, 1389]
13237	[878, 1308, 806]
6079	[266]
9002	[518, 513, 522]
22548	[176]
8218	[25, 24]
52752	[708]
49463	[1301]
50304	[239]
20932	[151]
4181	[5362]
45177	[0]
262317	[262]
12637	[939]
22873	[0]
10026	[181, 155]
8468	[223]
251	[1217]
25220	[1533]
3292	[783]
59689	[230]
4826	[131]
24516	[0, 0, 0, 483, 0, 0]
6762	[1404, 1412, 1268]
8596	[362]
46450	[53]
16735	[1120]
33843	[31]
34288	[279, 0, 281, 0]
34177	[119]
41695	[222]
20080	[1290]
15547	[714, 1450, 0, 1450]
16347	[147]
4608	[170]
196621	[0]
38726	[0, 0]
5650	[133]
1916	[966]
27446	[2]
47872	[1721]
2895	[144]
28571	[934]
51405	[249]
31424	[0]
2518	[0]
1103	[883]
37271	[447]
19754	[0]
25152	[357, 939]
553	[234]
3549	[308]
32354	[112]
14361	[255, 301]
62567	[1081]
54073	[160]
5645	[704]
9189	[222]
25091	[374, 0, 367, 189]
7575	[889, 1198]
25160	[400]
58511	[0, 99, 99, 0, 0, 145]
264268	[432]
50300	[436]
15301	[472]
42541	[1076]
29075	[297]
1299	[0]
7500	[210]
12350	[94]
8928	[1852]
34019	[228]
28294	[1217]
209	[156, 145, 144]
14840	[886]
31122	[37]
52769	[45, 44]
32614	[177]
48285	[0]
24482	[854, 0, 1064, 768, 1438, 854, 1723, 0]
45896	[0]
1280	[380]
263584	[140]
4777	[210]
13703	[109]
29608	[135]
34146	[0]
4589	[755, 650]
680	[301]
57381	[107]
