8426	[27, 344]
204028	[0]
39792	[0]
15605	[104]
28917	[1828]
3491	[48, 440]
41811	[524]
7018	[1064]
262757	[278]
262750	[407]
52863	[686]
48526	[0, 223]
8781	[2]
58308	[434]
6082	[330]
12779	[216, 208]
52940	[566]
11666	[39]
57821	[261]
1836	[0, 807]
262612	[201]
3252	[379]
31019	[195]
29691	[0]
3257	[116, 66, 133, 66, 141]
30132	[406]
63956	[0]
28941	[368]
53070	[485]
14061	[572, 657]
19151	[724, 270, 352]
286	[1422, 1399]
1798	[225]
2914	[1876, 896, 1227, 945, 0]
59715	[0]
202194	[0]
38883	[0]
38880	[521, 677, 164]
59469	[0]
41497	[264]
6830	[1507, 1798, 1635, 1618]
36351	[2260]
39821	[460]
38809	[259]
3561	[819, 418]
41095	[545, 389]
40387	[371]
29686	[877]
14537	[1500]
4739	[539]
49835	[641]
2497	[47, 843, 846]
53828	[121]
56730	[1542]
19653	[383]
6720	[358]
20764	[538, 566]
47441	[428]
28138	[886, 442]
198290	[563]
50763	[176]
20612	[0, 0]
5392	[975]
57118	[0, 0]
5396	[28]
12859	[1075]
6453	[1313, 1433]
15435	[290]
202109	[1319, 1306]
5769	[421]
9304	[424]
25227	[1218]
22652	[418]
5413	[352, 376]
1853	[408]
6667	[1556]
11039	[330]
53013	[63]
52888	[3144]
29636	[1264]
10102	[0]
49605	[39]
198249	[0]
8758	[0, 86]
30844	[309, 0]
58901	[0]
34781	[0, 1222]
35054	[50]
48166	[211, 214]
8455	[70]
18106	[1646]
8283	[951]
3267	[0]
36236	[0]
6939	[397, 493, 333, 541, 347]
28220	[560]
6423	[80]
263623	[685]
51185	[388]
29140	[1188]
28329	[1121]
133165	[1341]
513	[1217]
13030	[774, 858, 1725]
13237	[1117, 1597, 993]
6079	[413]
9002	[796, 796, 802]
22548	[128]
8218	[120, 100]
52752	[936]
49463	[1647]
50304	[381]
20932	[156]
4181	[6267]
45177	[0]
262317	[458]
12637	[1160]
22873	[0]
10026	[275, 267]
8468	[388]
251	[1722]
25220	[2204]
3292	[832]
59689	[427]
4826	[296]
24516	[0, 0, 0, 915, 0, 0]
6762	[1659, 1662, 1539]
8596	[443]
46450	[112]
16735	[1548]
33843	[77]
34288	[615, 0, 619, 0]
34177	[163]
41695	[407]
20080	[1482]
15547	[1036, 1940, 0, 1940]
16347	[157]
4608	[335]
196621	[0]
38726	[0, 0]
5650	[325]
1916	[1178]
27446	[36]
47872	[2258]
2895	[194]
28571	[1210]
51405	[412]
31424	[0]
2518	[0]
1103	[1046]
37271	[573]
19754	[0]
25152	[424, 1213]
553	[396]
3549	[474]
32354	[288]
14361	[418, 505]
62567	[1681]
54073	[394]
5645	[1142]
9189	[402]
25091	[430, 0, 427, 223]
7575	[1052, 1544]
25160	[463]
58511	[0, 197, 197, 0, 0, 324]
264268	[558]
50300	[502]
15301	[895]
42541	[1360]
29075	[430]
1299	[0]
7500	[391]
12350	[238]
50620	[297]
8928	[2251]
34019	[390]
28294	[1565]
209	[194, 207, 198]
14840	[1704]
31122	[53]
52769	[59, 60]
32614	[351]
48285	[0]
24482	[1389, 0, 1636, 1275, 2412, 1389, 2757, 0]
1280	[449]
263584	[89]
4777	[398]
13703	[96]
29608	[67]
34146	[0]
4589	[844, 889]
680	[433]
57381	[270]
