8426	[288, 0]
204028	[0]
39792	[0]
15605	[162]
28917	[949]
3491	[0, 0]
41811	[433]
7018	[0]
262757	[256]
262750	[218]
52863	[353]
48526	[0, 151]
8781	[305]
42541	[595]
6082	[310]
12779	[2, 326, 313]
20562	[714, 714]
52940	[320]
11666	[25]
57821	[513]
1836	[0, 721]
262612	[263]
3252	[305]
31019	[165]
29691	[0]
3257	[7, 3, 2, 4, 2]
30132	[2]
13004	[342]
63956	[0]
28941	[624]
46450	[5]
14061	[936, 1146]
19151	[4, 0, 1]
286	[808, 808]
1798	[320]
2914	[1592, 744, 851, 836, 0]
58621	[28]
59715	[0]
202194	[0]
38883	[0]
38880	[0, 470, 622, 0]
59469	[0]
41497	[615]
6830	[1537, 0, 5, 1140]
36351	[650]
39821	[296]
38809	[357]
3561	[585, 54]
41095	[310, 309]
29686	[3]
7606	[610, 614]
4739	[368]
49835	[425]
2497	[364, 552, 1609]
53828	[154]
56730	[1035]
19653	[555]
6720	[278]
20764	[313, 308]
47441	[302]
26162	[235, 230, 226]
28138	[703, 347]
198290	[775]
50763	[349]
20612	[0, 0]
5392	[623]
57118	[0, 0]
5396	[29]
28294	[314]
12859	[738]
6453	[7, 791]
15435	[301]
197264	[0]
202109	[553, 493]
5769	[1]
9304	[737]
53001	[302]
58308	[309]
30844	[0, 0]
5413	[0, 0]
1853	[755]
6667	[0]
11039	[720]
53013	[223]
52888	[1184]
29636	[488]
10102	[0]
49605	[18]
198249	[0]
8758	[0, 1128]
22652	[290]
58901	[0]
34781	[0, 606]
35054	[9]
48166	[83, 83]
8455	[4]
52720	[357]
8283	[2]
3267	[0]
36236	[0]
6939	[813, 707, 358, 715, 378, 378, 1624, 735, 376, 495, 395, 533]
28220	[218]
6423	[308]
263623	[667]
51185	[303]
18106	[520]
29140	[1069]
28329	[567, 164]
133165	[270]
513	[300]
13030	[1069, 0, 0]
13237	[0, 0, 1]
6079	[1]
9002	[749, 820, 784]
22548	[207]
8218	[0, 3, 1]
52752	[222]
49463	[804]
20932	[170]
4181	[0]
45177	[0]
262317	[488]
4637	[52, 64]
12637	[888]
22873	[0]
10026	[45, 51]
8468	[0]
251	[0]
25220	[604]
59689	[1231]
4826	[357]
24516	[0, 0, 0, 602, 0, 0]
6762	[6, 6, 5]
202032	[0, 372]
8596	[318]
53070	[602]
6360	[0]
28929	[297]
16735	[692]
33843	[128]
34288	[1, 0, 2, 0]
25227	[65]
34177	[164]
41695	[778]
20080	[1264]
15547	[476, 970, 0, 970]
16347	[217]
4608	[350]
196621	[0]
38726	[0, 0]
9026	[1]
20640	[298]
1916	[1196]
27446	[2]
47872	[859]
2895	[54]
28571	[744]
51405	[197]
31424	[0]
2518	[0]
1103	[915]
37271	[1139]
19754	[0]
25152	[0, 484]
553	[305]
32354	[320]
52610	[301]
14361	[311, 0]
62567	[948]
54073	[975]
5645	[485]
13189	[19]
9189	[301]
25091	[301, 0, 154, 300]
7575	[256, 396]
25160	[379]
58511	[0, 286, 286, 0, 0, 477]
14537	[494]
264268	[310]
50300	[880]
15301	[1155]
50304	[299]
29075	[1016]
1299	[0]
7500	[243]
12350	[308]
50620	[317]
8928	[0]
34019	[304]
12956	[1188]
209	[74, 4]
14840	[1060]
31122	[115]
52769	[339, 168]
32614	[313]
48285	[0]
29608	[12]
24482	[943, 0, 1124, 830, 1061, 943, 1411, 0]
58682	[0]
1280	[304]
263584	[336]
4777	[207]
13703	[0]
3549	[736]
34146	[0]
4589	[235, 3]
680	[0]
57381	[275]
