8426	[38]
204028	[0]
39792	[0]
15605	[1]
28917	[37]
3491	[161, 65]
41811	[2]
7018	[11825]
262757	[140]
262750	[994]
52863	[1157]
48526	[0, 1056]
8781	[3]
58308	[618]
6082	[1934]
20764	[77, 79]
52940	[46]
11666	[5]
57821	[0]
1836	[0, 0]
262612	[20]
3252	[0]
31019	[1]
29691	[0]
3257	[4, 0, 0, 0]
30132	[2699]
63956	[0]
28941	[72]
53070	[2600]
14061	[0, 0]
19151	[5260, 2325, 2391]
286	[15455, 15482]
1798	[0]
2914	[26677, 12232, 430, 13340, 0]
59715	[0]
202194	[0]
38883	[0]
38880	[9124, 2027, 8161]
59469	[0]
41497	[0]
6830	[8130, 267, 10486, 181]
36351	[1938]
39821	[5]
12779	[0, 1]
38809	[0]
3561	[6899, 2757]
41095	[73, 75]
40387	[13698]
29686	[5816]
14537	[4380]
4739	[203]
24115	[27949, 27980]
49835	[0]
2497	[0, 4800, 4324]
53828	[2]
56730	[5384]
6720	[0]
47441	[1965]
28138	[4479, 2247]
198290	[4731]
50763	[92]
20612	[0, 0]
5392	[4281]
57118	[0, 0]
5396	[0]
12859	[7132]
6453	[21752, 30200]
15435	[10]
197264	[0]
202109	[2810, 2797]
5769	[2521]
9304	[0]
25227	[5750]
22652	[2646]
5413	[12, 16]
1853	[81]
6667	[0]
11039	[10740]
53013	[31]
52888	[17266]
29636	[4477]
196621	[0]
49605	[0]
198249	[0]
8758	[0, 140]
30844	[2104, 0]
58901	[0]
34781	[0, 11541]
35054	[109]
48166	[0, 0]
8455	[0]
18106	[1919]
8283	[307]
3267	[0]
36236	[0]
6939	[9899, 11197, 8427, 4482, 9912]
28220	[1751]
6423	[6]
263623	[114]
51185	[0]
29140	[5362]
28329	[4536]
133165	[34]
513	[8]
13030	[8744, 8565, 21197]
13237	[0, 0, 1]
6079	[74]
9002	[15949, 15913, 15859]
22548	[19]
8218	[0, 127, 93]
52752	[6487]
49463	[93]
50304	[13]
20932	[2]
4181	[33817]
45177	[0]
262317	[1068]
12637	[8256]
22873	[0]
10026	[26, 30]
8468	[2658]
251	[25977]
25220	[221]
3292	[8464]
59689	[55]
4826	[966]
24516	[0, 0, 21708, 0, 0, 0]
6762	[9863, 10480, 8532]
8596	[2022]
6360	[0]
16735	[9018]
33843	[22]
34288	[31, 0, 39, 0]
34177	[10]
41695	[95]
20080	[6870]
15547	[1, 0, 0, 0]
16347	[51]
4608	[0]
38726	[0, 0]
1916	[11916]
27446	[2]
47872	[5682]
2895	[1025]
28571	[6146]
51405	[644]
31424	[0]
2518	[0]
1103	[0]
37271	[1570]
19754	[0]
25152	[0, 9]
553	[11]
3549	[2812]
32354	[2485]
14361	[2417, 2481]
62567	[5803]
54073	[0]
9189	[5]
25091	[1874, 0, 1876, 1028]
7575	[54, 88]
58511	[0, 0, 0, 0, 0, 0]
264268	[76]
50300	[1622]
15301	[305]
42541	[0]
29075	[1975]
1299	[0]
7500	[963]
12350	[0]
50620	[1]
8928	[9199]
34019	[192]
28294	[7352]
209	[49, 82, 81]
14840	[15696]
31122	[4]
52769	[24, 30]
25160	[2468]
48285	[0]
24482	[103, 0, 124, 115, 121, 103, 124, 0]
45896	[0]
1280	[1805]
263584	[43]
4777	[178]
13703	[137]
29608	[142]
34146	[0]
4589	[4192, 0]
680	[81]
57381	[0]
