8426	[344, 347]
204028	[0]
39792	[0]
15605	[143]
28917	[10]
3491	[82, 314]
41811	[110]
7018	[622]
262757	[245]
262750	[158]
52863	[448]
48526	[0, 157]
58308	[342]
6082	[0]
12779	[3, 333, 328]
20562	[810, 810]
52940	[115]
11666	[49]
57821	[353]
1836	[0, 349]
262612	[51]
3252	[0]
31019	[174]
29691	[0]
3257	[184, 166, 206, 166, 207]
30132	[345]
63956	[0]
28941	[202]
53070	[308]
14061	[463, 492]
19151	[720, 331, 348]
286	[1075, 865]
1798	[51]
2914	[1364, 598, 1296, 752, 0]
59715	[0]
202194	[0]
38883	[0]
38880	[126, 101, 654]
59469	[0]
41497	[150]
5511	[696]
36351	[1481]
39821	[5]
38809	[248]
3561	[494, 182]
41095	[224, 208]
29686	[762]
14537	[602]
4739	[280]
49835	[506]
2497	[26, 495, 527]
53828	[0]
56730	[1049]
19653	[354]
6720	[163]
20764	[0, 0]
47441	[2]
28138	[733, 366]
198290	[295]
29608	[182]
20612	[0, 0]
5392	[240]
57118	[0, 0]
5396	[87]
12859	[730]
6453	[423, 527]
15435	[259]
202109	[840, 825]
5769	[165]
9304	[448]
25227	[2]
22652	[362]
5413	[346, 349]
1853	[297]
6667	[1374]
11039	[443]
53013	[124]
52888	[972]
29636	[515]
10102	[0]
49605	[146]
198249	[0]
8758	[0, 151]
30844	[3, 0]
58901	[0]
34781	[0, 1002]
35054	[132]
48166	[0, 0]
8455	[55]
18106	[349]
8283	[1226]
3267	[0]
36236	[0]
6939	[0, 0, 0, 1]
28220	[177]
6423	[143]
263623	[185]
51185	[348]
29140	[1680]
28329	[399]
133165	[496]
513	[430]
13030	[1277, 1287, 2684]
13237	[1393, 1535, 973]
6079	[242]
9002	[1055, 1051, 1063]
22548	[147]
8218	[0, 616, 586]
52752	[338]
49463	[1348]
50304	[318]
20932	[178]
4181	[4242]
45177	[0]
262317	[274]
12637	[772]
22873	[0]
10026	[183, 197]
8468	[352]
251	[1186]
25220	[1035]
3292	[781]
59689	[367]
4826	[318]
24516	[0, 0, 0, 0, 0]
6762	[767, 898, 1124]
8596	[338]
16735	[920]
33843	[48]
34288	[1, 0, 2, 0]
34177	[190]
41695	[276]
20080	[809]
15547	[503, 1009, 0, 1009]
16347	[233]
6830	[741, 1183, 919, 1215]
4608	[154]
196621	[0]
38726	[0, 0]
5650	[177]
1916	[752]
27446	[70]
47872	[0]
2895	[0]
28571	[400]
51405	[157]
31424	[0]
2518	[0]
1103	[1137]
37271	[408]
19754	[0]
25152	[0, 0]
553	[221]
32354	[122]
14361	[354, 357]
62567	[1360]
54073	[0]
9189	[348]
25091	[0, 327, 166, 319]
7575	[504, 870]
25160	[341]
58511	[0, 5, 5, 0, 0, 8]
264268	[118]
50300	[315]
15301	[0]
42541	[295]
29075	[338]
1299	[0]
7500	[133]
12350	[346]
50620	[212]
8928	[1515]
34019	[343]
28294	[712]
209	[284, 309, 311]
14840	[338]
31122	[86]
52769	[124, 124]
32614	[158]
48285	[0]
24482	[693, 0, 810, 570, 1286, 693, 1438, 0]
1280	[334]
263584	[168]
4777	[164]
13703	[163]
3549	[203]
34146	[0]
4589	[879, 902]
680	[262]
57381	[337]
