8426	[579]
204028	[0]
15605	[73]
28917	[4457]
3491	[779]
41811	[1731]
7018	[1695]
262757	[1120]
262750	[800]
52863	[1012]
48526	[0, 647]
58308	[1644]
6082	[1571]
12779	[13, 1223, 1199]
52940	[1805]
11666	[5]
57821	[87]
1836	[0, 1705]
262612	[726]
3252	[1437]
31019	[692]
29691	[0]
3257	[4, 7, 10, 7, 9]
30132	[1697]
63956	[0]
53070	[881]
14061	[2872, 3670]
19151	[1166, 2634, 848]
286	[3370, 3391]
1798	[872]
2914	[3369, 6002, 7140, 3222, 0]
202194	[0]
38880	[1263, 1814, 1862]
59469	[0]
41497	[1400]
32614	[1402]
5511	[1759]
36351	[3748]
20764	[1892, 1867]
38809	[1702]
3561	[1654, 1320]
41095	[1581, 1532]
40387	[1198]
29686	[2107]
14537	[4266]
4739	[1492]
49835	[2838]
2497	[715, 3544, 3630]
53828	[75]
56730	[4833]
19653	[1303]
6720	[1548]
47441	[1796]
28138	[1583, 3169]
198290	[1561]
50763	[14]
20612	[0, 0]
5392	[2452]
5396	[2]
12859	[3195]
6453	[3335, 3848]
15435	[113]
202109	[2675, 2714]
5769	[1422]
9304	[1769]
25227	[2960]
22652	[1556]
5413	[1320, 1417]
1853	[1580]
6667	[3761]
11039	[1678]
53013	[32]
52888	[3166]
29636	[1994]
49605	[8]
8758	[73]
30844	[1264, 0]
34781	[223]
35054	[28]
48166	[120, 122]
8455	[63]
18106	[3994]
8283	[3994]
36236	[0]
6939	[990, 1060, 1037, 1008, 1043]
28220	[1853]
6423	[675]
263623	[2004]
51185	[1404]
39821	[1572]
29140	[3481]
28329	[3471]
133165	[3729]
513	[3472]
13030	[72, 70, 142]
13237	[189, 345, 169]
6079	[1639]
9002	[3584, 3544, 3572]
22548	[16]
8218	[6, 6]
52752	[1139]
6830	[1923, 3669, 3726, 1623]
50304	[1291]
20932	[49]
4181	[17539]
45177	[0]
262317	[1158]
12637	[3345]
22873	[0]
10026	[740, 723]
8468	[1648]
251	[3102]
25220	[5246]
3292	[4026]
59689	[1176]
4826	[1159]
24516	[0, 0, 0, 1665, 0, 0]
6762	[1745, 1659, 2161]
8596	[944]
46450	[44]
16735	[4228]
33843	[261]
34288	[0, 2208, 2211, 0]
34177	[145]
41695	[1208]
20080	[3578]
15547	[1258, 2330, 2330, 0]
16347	[2]
4608	[1614]
38726	[0]
5650	[1358]
1916	[3396]
27446	[2]
47872	[4661]
2895	[737]
28571	[1551]
51405	[1480]
31424	[0]
2518	[0]
1103	[3380]
13703	[2]
19754	[0]
25152	[1443, 2032]
553	[1407]
32354	[683]
14361	[1624, 1783]
62567	[3511]
54073	[1483]
5645	[2649]
9189	[1484]
25091	[0, 1636, 913, 1613]
7575	[5767, 7606]
58511	[0, 950, 0, 0, 950, 1621]
264268	[1765]
50300	[1659]
15301	[2080]
42541	[1839]
29075	[1742]
28941	[1451]
7500	[1761]
12350	[1190]
50620	[1709]
8928	[4566]
34019	[1044]
28294	[2405]
209	[709, 701, 701]
14840	[3316]
31122	[51]
52769	[36, 26]
25160	[1586]
24482	[3206, 0, 3737, 2812, 5311, 3211, 6350]
1280	[1854]
263584	[273]
4777	[1713]
49463	[1747]
37271	[1915]
3549	[1745]
34146	[0]
4589	[3129, 3271]
680	[1711]
57381	[1284]
