8426	[30, 91]
15605	[28]
28917	[1149]
3491	[28, 621]
41811	[1098]
7018	[1651]
262757	[164]
262750	[237]
52863	[616]
48526	[0, 76]
58308	[602]
6082	[401]
12779	[14, 15]
52940	[417]
11666	[54]
57821	[66]
1836	[0, 1091]
262612	[203]
3252	[34]
31019	[451]
29691	[0]
3257	[79, 60, 86, 60, 87]
30132	[267]
63956	[0]
53070	[381]
14061	[679, 973]
19151	[1148, 604, 626]
286	[2548, 2803]
8222	[31]
1798	[24]
2914	[2370, 1187, 2645, 1296, 0]
59715	[0]
202194	[0]
38883	[0]
38880	[55, 516, 46]
59469	[0]
41497	[414]
6830	[591, 1558, 643, 1935]
36351	[1464]
20764	[755, 630]
38809	[420]
3561	[379, 303]
41095	[507, 587]
40387	[40]
29686	[610]
14537	[789]
4739	[167]
49835	[536]
2497	[10, 635, 383]
53828	[63]
56730	[1646]
19653	[403]
6720	[262]
47441	[435]
28138	[1236, 620]
198290	[52]
50763	[29]
20612	[0, 0]
5392	[518]
57118	[0, 0]
5396	[33]
12859	[1666]
6453	[1191, 678]
15435	[76]
202109	[1605, 1620]
5769	[176]
9304	[22]
37989	[111]
25227	[170]
22652	[295]
5413	[305, 304]
1853	[619]
6667	[1618]
11039	[110]
53013	[41]
52888	[1742]
29636	[569]
196621	[0]
49605	[57]
198249	[0]
8758	[0, 396]
30844	[310]
58901	[0]
34781	[195]
35054	[13]
48166	[26, 25]
8455	[90]
18106	[773]
8283	[1727]
3267	[0]
36236	[0]
6939	[608, 825, 887, 591, 873]
28220	[504]
6423	[442]
263623	[457]
51185	[594]
39821	[553]
29140	[1503]
28329	[1013, 7]
133165	[1668]
513	[1375]
13030	[174, 143, 282]
13237	[172, 344, 159]
6079	[570]
9002	[1447, 1455, 1445]
22548	[26]
8218	[74, 57]
52752	[524]
49463	[484]
50304	[304]
20932	[35]
4181	[9101]
45177	[0]
262317	[276]
12637	[1611]
22873	[0]
10026	[75, 37]
8468	[300]
251	[1980]
25220	[1876]
3292	[1964]
59689	[146]
4826	[33]
24516	[0, 0, 46, 0, 0, 0]
6762	[2811, 2661, 2002]
8596	[506]
46450	[60]
16735	[1823]
33843	[69]
34288	[432, 0, 430, 0]
34177	[24]
41695	[163]
20080	[1659]
15547	[302, 1248, 0, 1248]
16347	[46]
4608	[42]
38726	[0, 0]
5650	[147]
1916	[900]
27446	[22]
47872	[1698]
2895	[132]
28571	[821]
51405	[221]
31424	[0]
2518	[0]
1103	[1679]
13703	[41]
19754	[0]
25152	[274, 1102]
553	[289]
3549	[608]
32354	[50]
14361	[404, 477]
62567	[2886]
54073	[22]
5645	[1640]
9189	[317]
25091	[618, 0, 614, 160]
7575	[1684, 3098]
25160	[560]
58511	[0, 31, 31, 0, 0, 44]
264268	[403]
50300	[697]
15301	[830]
42541	[1095]
29075	[594]
28941	[278]
7500	[36]
12350	[15]
50620	[284]
8928	[1975]
34019	[308]
28294	[970]
209	[642, 640, 644]
14840	[1028]
31122	[38]
52769	[49, 39]
32614	[272]
48285	[0]
24482	[256, 0, 257, 221, 338, 256, 3268, 0]
1280	[719]
263584	[94]
4777	[37]
37271	[729]
29608	[23]
34146	[0]
4589	[1322, 1392]
680	[616]
57381	[35]
