8426	[295, 0]
204028	[0]
39792	[0]
15605	[174]
28917	[1016]
3491	[0, 0]
41811	[610]
7018	[0]
262757	[293]
262750	[234]
52863	[366]
48526	[0, 158]
8781	[317]
58308	[311]
6082	[332]
12779	[3, 348, 334]
20562	[787, 787]
52940	[333]
11666	[17]
57821	[565]
1836	[0, 721]
262612	[276]
3252	[343]
31019	[181]
29691	[0]
3257	[4, 0, 0, 0]
30132	[2]
13004	[369]
63956	[0]
28941	[536]
53070	[576]
14061	[1005, 1224]
19151	[0, 0, 1]
286	[0]
1798	[318]
2914	[1712, 803, 853, 925, 0]
58621	[32]
59715	[0]
202194	[0]
38883	[0]
38880	[0, 510, 0, 718]
59469	[0]
41497	[646]
6830	[1432, 0, 5, 1048]
36351	[761]
39821	[324]
38809	[336]
3561	[605, 52]
41095	[327, 1]
29686	[0]
7606	[625, 623]
4739	[365]
49835	[440]
2497	[0, 522, 0]
53828	[174]
56730	[1118]
19653	[324]
6720	[325]
20764	[339, 334]
47441	[336]
26162	[258, 247, 243]
28138	[785, 392]
198290	[805]
50763	[334]
20612	[0, 0]
5392	[654]
57118	[0, 0]
5396	[40]
28294	[356]
12859	[782]
6453	[6, 2]
15435	[334]
197264	[0]
202109	[625, 568]
5769	[1]
9304	[782]
53001	[336]
25227	[134]
30844	[0, 0]
5413	[0, 0]
1853	[330]
6667	[0]
11039	[733]
53013	[229]
52888	[1286]
29636	[512]
10102	[0]
49605	[21]
198249	[0]
8758	[1080, 0]
22652	[319]
58901	[0]
34781	[0, 664]
35054	[0]
48166	[51, 50]
8455	[0]
52720	[408]
8283	[2]
3267	[0]
36236	[0]
6939	[860, 783, 389, 760, 406, 400, 1546, 792, 402, 514, 408, 557]
28220	[242]
6423	[339]
263623	[716]
51185	[328]
18106	[499]
29140	[1130]
28329	[613, 133]
133165	[272]
513	[327]
13030	[340, 0, 0]
13237	[0, 0, 1]
6079	[1]
9002	[0, 0, 0]
22548	[279]
8218	[0, 1, 1]
52752	[250]
49463	[857]
50304	[337]
20932	[120]
4181	[0]
45177	[0]
262317	[494]
4637	[42, 55]
12637	[977]
22873	[0]
10026	[37, 55]
8468	[0]
251	[0]
25220	[580]
59689	[1135]
4826	[361]
24516	[0, 0, 0, 617, 0, 0]
6762	[6, 6, 5]
202032	[0, 401]
8596	[342]
6360	[0]
28929	[316]
16735	[753]
33843	[15]
34288	[1, 0, 2, 0]
34177	[174]
41695	[805]
20080	[1463]
15547	[505, 1021, 0, 1021]
16347	[227]
4608	[341]
196621	[0]
38726	[0, 0]
9026	[14]
20640	[339]
1916	[1200]
27446	[2]
47872	[6]
2895	[54]
28571	[831]
51405	[179]
31424	[0]
2518	[0]
1103	[975]
37271	[384]
19754	[0]
25152	[0, 511]
553	[336]
32354	[350]
52610	[308]
14361	[0, 0]
62567	[1021]
54073	[1051]
5645	[490]
13189	[23]
9189	[321]
25091	[326, 0, 168, 332]
7575	[233, 376]
25160	[414]
58511	[0, 321, 321, 0, 0, 518]
14537	[525]
264268	[327]
50300	[806]
15301	[1181]
42541	[634]
29075	[938]
1299	[0]
7500	[226]
12350	[334]
50620	[350]
8928	[0]
34019	[321]
12956	[1075]
209	[4]
14840	[1136]
31122	[49]
52769	[382, 189]
32614	[326]
48285	[0]
29608	[20]
24482	[1011, 0, 1159, 909, 1111, 1009, 1622, 0]
45896	[0]
58682	[0]
1280	[293]
263584	[361]
4777	[211]
13703	[0]
3549	[91]
34146	[0]
4589	[5, 0]
680	[0]
57381	[308]
