8426	[260, 273]
204028	[0]
39792	[0]
15605	[35]
28917	[9905]
3491	[10, 11]
41811	[112]
7018	[64]
262757	[231]
262750	[0]
52863	[58]
48526	[206, 0]
8781	[2]
58308	[384]
6082	[286]
12779	[16, 2555, 2506]
20562	[8500, 8500]
52940	[8]
11666	[91]
57821	[451]
1836	[0, 9296]
262612	[13]
3252	[2173]
31019	[189]
29691	[0]
3257	[21, 71, 96, 71, 96]
30132	[2341]
63956	[0]
28941	[18]
53070	[1978]
14061	[50, 247]
19151	[47, 18, 51]
286	[117, 59]
8222	[61]
1798	[14]
2914	[636, 308, 492, 302, 0]
59715	[0]
202194	[0]
38883	[0]
38880	[0, 20, 9, 4271]
59469	[0]
41497	[38]
5511	[38]
36351	[6190]
39821	[570]
38809	[30]
3561	[4, 2]
41095	[166, 169]
40387	[59]
29686	[173]
14537	[5332]
4739	[105]
49835	[52]
2497	[5, 166, 172]
53828	[38]
56730	[134]
19653	[9]
6720	[723]
20764	[2479, 2712]
47441	[2181]
43100	[1950]
28138	[3511, 1757]
198290	[552]
50763	[2426]
20612	[0, 0]
5392	[23]
57118	[0, 0]
5396	[42]
12859	[6514]
6453	[15, 91]
15435	[114]
197264	[0]
202109	[125, 108]
5769	[44]
9304	[386]
3303	[14, 17, 17]
37989	[2]
25227	[334]
22652	[7]
5413	[27, 37]
1853	[43]
6667	[8030]
11039	[99]
53013	[22]
52888	[18502]
29636	[5239]
10102	[0]
49605	[107]
198249	[0]
8758	[10, 0]
30844	[131, 0]
58901	[0]
34781	[0, 313]
35054	[53]
48166	[44, 44]
8455	[174]
18106	[2878]
8283	[304]
3267	[0]
36236	[0]
6939	[620, 716, 700, 658, 710]
28220	[18]
6423	[21]
263623	[122]
51185	[2351]
29140	[12408]
28329	[25, 75]
133165	[286]
513	[216]
13030	[5306, 5369, 10763]
13237	[19076, 11968, 6653]
6079	[65]
9002	[17, 18, 18]
22548	[48]
8218	[0, 9136, 1518]
52752	[67]
49463	[2514]
50304	[2229]
20932	[83]
4181	[339]
45177	[0]
262317	[906]
12637	[6780]
22873	[0]
10026	[51, 51]
8468	[2369]
251	[191]
25220	[8451]
3292	[61]
59689	[1734]
4826	[309]
24516	[0, 0, 0, 677, 0, 0]
6762	[72, 69, 167]
8596	[325]
46450	[135]
6360	[0]
16735	[4100]
33843	[6]
34288	[6393, 0, 6388, 0]
34177	[148]
41695	[216]
20080	[5231]
15547	[5649, 11179, 0, 11179]
16347	[200]
6830	[322, 56, 52, 132]
4608	[5]
196621	[0]
38726	[0, 0]
20640	[2591]
5650	[53]
1916	[158]
27446	[29]
47872	[7093]
2895	[56]
28571	[4833]
51405	[226]
31424	[0]
2518	[0]
1103	[5742]
37271	[169]
19754	[0]
25152	[49, 659]
553	[2400]
32354	[18]
14361	[12, 18]
62567	[268]
54073	[698]
5645	[562]
9189	[2574]
25091	[0, 103, 70, 97]
7575	[270, 726]
25160	[79]
58511	[0, 2184, 2184, 0, 0, 0]
264268	[16]
50300	[1681]
15301	[697]
42541	[5816]
29075	[2430]
1299	[0]
7500	[9]
12350	[96]
50620	[2223]
8928	[5253]
34019	[2671]
28294	[7339]
209	[69, 21, 13]
14840	[0]
31122	[115]
52769	[22, 22]
32614	[4]
48285	[0]
29608	[82]
24482	[4732, 0, 5789, 3870, 7075, 4732, 7268, 0]
45896	[0]
1280	[160]
263584	[0]
4777	[9]
13703	[20]
3549	[17]
34146	[0]
4589	[201, 197]
680	[72]
57381	[206]
