8426	[417, 504]
15605	[20]
28917	[1522]
3491	[22, 599]
41811	[989]
7018	[1616]
49463	[3180]
262750	[242]
52863	[1258]
48526	[368]
58308	[690]
6082	[645]
39821	[626]
20562	[599, 599]
52940	[566]
11666	[27]
57821	[686]
1836	[2448]
262612	[399]
3252	[648]
31019	[251]
3257	[250, 217, 284, 294, 217]
30132	[592]
53070	[541]
14061	[886, 1232]
19151	[678, 1412, 675]
286	[1971, 2072]
1798	[698]
2914	[1364, 2202, 2764, 1372]
14840	[2878]
38880	[517, 1092, 1715]
41497	[737]
32614	[570]
5511	[864]
36351	[2897]
20764	[674, 664]
12779	[596, 600]
38809	[655]
3561	[857, 477]
41095	[538, 533]
40387	[682]
29686	[1061]
14537	[2405]
4739	[609]
49835	[1233]
2497	[108, 1294, 1274]
53828	[90]
56730	[2242]
19653	[434]
262757	[491]
47441	[718]
43100	[224]
28138	[1357]
198290	[1078]
29608	[32]
5392	[1977]
5396	[42]
12859	[1600]
6453	[1673, 1308]
15435	[502]
202109	[1800, 1791]
5769	[560]
9304	[839]
37989	[576]
25227	[1547]
30844	[518]
5413	[532, 535]
1853	[547]
6667	[2296]
11039	[619]
53013	[161]
52888	[4214]
29636	[1748]
6720	[721]
49605	[38]
22652	[599]
34781	[1768]
35054	[27]
48166	[245]
8455	[53]
18106	[1758]
8283	[2744]
6939	[1896, 2052, 2106, 1531, 2095]
28220	[590]
6423	[542]
6774	[243]
51185	[534]
29140	[2698]
28329	[1023]
133165	[1623]
513	[1965]
13030	[1959, 1786, 3870]
13237	[2312, 2532, 1695]
6079	[595]
9002	[1482, 1559, 1562]
22548	[70]
8218	[1457, 1352]
52752	[1212]
6830	[1502, 1274, 1312, 1418]
50304	[630]
20932	[138]
4181	[7504]
262317	[550]
12637	[1333]
10026	[606, 610]
8468	[586]
251	[1882]
25220	[2104]
3292	[1782]
59689	[1164]
4826	[663]
24516	[1666]
6762	[2081, 1946, 1653]
8596	[656]
46450	[35]
16735	[2313]
33843	[115]
34288	[2145, 2145]
34177	[345]
41695	[707]
20080	[1969]
15547	[2027, 2027, 1054]
16347	[304]
4608	[552]
20640	[232]
5650	[490]
1916	[2138]
27446	[6]
47872	[2848]
2895	[196]
28571	[1616]
51405	[876]
263623	[682]
1103	[1922]
25152	[701, 2373]
553	[651]
32354	[574]
14361	[615, 645]
62567	[2333]
54073	[1887]
5645	[2317]
9189	[605]
25091	[342, 603, 595]
7575	[2069, 3694]
58511	[639, 639, 1040]
264268	[544]
50300	[663]
15301	[2283]
42541	[1407]
29075	[621]
28941	[568]
4589	[1426, 1396]
12350	[557]
8928	[3786]
34019	[629]
28294	[2524]
209	[982, 984, 1003]
31122	[139]
52769	[225, 152]
25160	[817]
24482	[1700, 2093, 1484, 2507, 1700, 2874]
1280	[695]
263584	[449]
4777	[676]
37271	[647]
3549	[499]
7500	[711]
680	[641]
57381	[634]
