8426	[529, 596]
204028	[0]
15605	[79]
28917	[1657]
3491	[743]
41811	[1486]
49835	[1301]
262757	[739]
262750	[321]
52863	[1079]
48526	[0, 17]
8781	[2]
58308	[1092]
6082	[1038]
12779	[15, 952, 950]
20562	[649, 649]
52940	[649]
57821	[310]
1836	[0, 1573]
262612	[625]
3252	[978]
31019	[16]
29691	[0]
30132	[30]
63956	[0]
53070	[981]
38809	[840]
19151	[958, 1942, 961]
286	[2054, 2209]
1798	[807]
2914	[3102, 1677, 2615, 1559, 0]
59715	[0]
202194	[0]
38880	[302, 664, 44]
59469	[0]
41497	[806]
6830	[1894, 2756, 2154, 2348]
36351	[895]
20764	[1102, 1025]
14061	[1150, 1703]
41095	[949, 844]
40387	[944]
29686	[1301]
14537	[2436]
4739	[753]
2497	[327, 1476, 1415]
53828	[84]
56730	[2246]
19653	[364]
6720	[876]
47441	[638]
28138	[2056, 1032]
198290	[1181]
50763	[633]
20612	[0, 0]
5392	[1713]
57118	[0, 0]
7018	[1982]
12859	[52]
6453	[1684, 1136]
15435	[31]
202109	[1469, 1466]
5769	[580]
9304	[1194]
25227	[607]
22652	[595]
5413	[993, 1089]
1853	[894]
6667	[2858]
11039	[750]
53013	[127]
52888	[3862]
29636	[1458]
10102	[0]
198249	[0]
8758	[13]
30844	[0, 947]
58901	[0]
34781	[1818]
35054	[35]
48166	[328, 329]
8455	[9]
18106	[1937]
8283	[53]
3267	[0]
36236	[0]
6939	[1401, 1301, 1294, 1091, 1268]
28220	[635]
263623	[758]
51185	[889]
39821	[986]
29140	[3126]
28329	[1198]
133165	[1821]
513	[2188]
13030	[1213, 1273, 2551]
13237	[1183, 1688, 1087]
6079	[781]
9002	[1690, 1664, 1685]
22548	[50]
8218	[629, 627]
52752	[1406]
49463	[2212]
50304	[29]
20932	[351]
4181	[10234]
45177	[0]
262317	[1058]
12637	[1801]
22873	[0]
10026	[898, 891]
8468	[952]
251	[2191]
25220	[2112]
3292	[1883]
59689	[1337]
4826	[940]
24516	[0, 0, 0, 1358, 0, 0]
6762	[2117, 2101, 1297]
8596	[115]
46450	[4]
16735	[1852]
33843	[133]
34288	[1900, 0, 1905, 0]
34177	[468]
41695	[973]
20080	[1570]
15547	[19, 50, 50, 0]
16347	[452]
4608	[797]
38726	[0, 0]
5650	[457]
1916	[3050]
47872	[2616]
2895	[697]
28571	[1603]
51405	[772]
31424	[0]
2518	[0]
1103	[48]
19754	[0]
25152	[26, 1724]
553	[969]
32354	[802]
14361	[450, 725]
62567	[1924]
54073	[1288]
5645	[1267]
9189	[929]
25091	[0, 972, 498, 953]
7575	[3060, 4930]
25160	[1174]
58511	[0, 1043, 0, 0, 1043, 1464]
264268	[641]
50300	[1141]
15301	[1559]
42541	[1324]
29075	[1085]
28941	[891]
7500	[705]
12350	[823]
50620	[1096]
8928	[3274]
34019	[1064]
28294	[1682]
14840	[2364]
31122	[107]
52769	[134, 121]
32614	[370]
48285	[0]
24482	[53, 0, 50, 68, 52, 53, 60, 0]
1280	[1056]
263584	[34]
4777	[697]
37271	[1247]
3549	[760]
34146	[0]
4589	[1411, 1399]
680	[1008]
57381	[23]
