8426	[188, 255]
204028	[0]
39792	[0]
15605	[129]
28917	[669]
3491	[110, 232]
41811	[253]
7018	[299]
262757	[258]
262750	[126]
52863	[356]
48526	[0, 151]
58308	[322]
6082	[295]
12779	[2, 232, 223]
52940	[268]
11666	[12]
57821	[256]
1836	[0, 436]
262612	[182]
3252	[269]
31019	[139]
29691	[0]
3257	[431, 290, 448, 290, 467]
30132	[272]
13004	[140]
63956	[0]
28941	[251]
53070	[283]
14061	[347, 437]
19151	[474, 223, 220]
286	[634, 556]
1798	[213]
2914	[808, 385, 786, 507, 0]
59715	[0]
202194	[0]
38880	[292, 255, 411]
59469	[0]
41497	[459]
6830	[610, 747, 658, 981]
36351	[1076]
20764	[324, 324]
38809	[319]
3561	[244, 191]
41095	[277, 244]
40387	[320]
29686	[356]
14537	[698]
4739	[422]
49835	[463]
2497	[151, 426, 420]
53828	[138]
56730	[812]
19653	[190]
6720	[250]
47441	[349]
28138	[596]
198290	[309]
50763	[173]
20612	[0, 0]
5392	[540]
57118	[0]
5396	[81]
12859	[480]
6453	[426, 466]
15435	[293]
202109	[745, 760]
5769	[186]
9304	[337]
25227	[250]
22652	[242]
5413	[263, 316]
1853	[217]
6667	[772]
11039	[358]
53013	[84]
52888	[932]
29636	[550]
10102	[0]
49605	[90]
198249	[0]
8758	[43]
30844	[260, 0]
58901	[0]
34781	[0, 868]
35054	[93]
48166	[261]
8455	[25]
18106	[692]
8283	[825]
3267	[0]
36236	[0]
6939	[491, 469, 410, 504, 460]
28220	[279]
6423	[222]
263623	[328]
51185	[248]
39821	[267]
29140	[1066]
28329	[510, 24]
133165	[500]
513	[666]
13030	[448, 435, 938]
13237	[650, 971, 545]
6079	[284]
9002	[395, 395, 397]
22548	[256]
8218	[0, 424, 426]
52752	[354]
49463	[628]
50304	[303]
20932	[240]
4181	[2523]
45177	[0]
262317	[376]
12637	[800]
22873	[0]
10026	[278, 274]
8468	[272]
251	[676]
25220	[811]
3292	[745]
59689	[474]
4826	[295]
24516	[0, 0, 0, 581, 0, 0]
6762	[494, 502, 591]
8596	[311]
46450	[68]
16735	[868]
33843	[40]
34288	[813, 0, 814, 0]
34177	[131]
41695	[436]
20080	[608]
15547	[428, 834, 834, 0]
16347	[193]
4608	[196]
196621	[0]
38726	[0, 0]
20640	[142]
5650	[208]
1916	[550]
27446	[78]
47872	[878]
2895	[196]
28571	[384]
51405	[224]
31424	[0]
2518	[0]
1103	[497]
13703	[98]
19754	[0]
25152	[347, 647]
553	[287]
3549	[223]
32354	[213]
14361	[219, 273]
62567	[831]
54073	[570]
5645	[614]
9189	[301]
25091	[259, 0, 266, 134]
7575	[571, 1124]
25160	[255]
58511	[0, 306, 306, 0, 0, 494]
264268	[267]
50300	[285]
15301	[625]
42541	[433]
29075	[306]
1299	[0]
7500	[235]
12350	[240]
8928	[1249]
34019	[304]
28294	[759]
209	[374, 435, 394]
14840	[674]
31122	[152]
52769	[74, 81]
32614	[203]
48285	[0]
24482	[424, 0, 463, 365, 554, 424, 1084, 0]
1280	[296]
263584	[177]
4777	[215]
37271	[409]
29608	[133]
34146	[0]
4589	[533, 479]
680	[250]
57381	[319]
