8426	[488, 528]
204028	[0]
15605	[72]
28917	[1767]
3491	[795]
41811	[1589]
49835	[1418]
262757	[771]
262750	[313]
52863	[1177]
48526	[0, 19]
8781	[2]
58308	[1136]
6082	[1138]
12779	[12, 1007, 999]
20562	[695, 695]
52940	[662]
57821	[314]
1836	[0, 1655]
262612	[644]
3252	[1032]
31019	[15]
29691	[0]
30132	[29]
63956	[0]
53070	[1043]
38809	[878]
19151	[1011, 2060, 1034]
286	[2211, 2401]
1798	[852]
2914	[3350, 1751, 2877, 1721, 0]
59715	[0]
202194	[0]
38880	[304, 722, 45]
59469	[0]
41497	[866]
6830	[2017, 2938, 2307, 2501]
36351	[953]
20764	[1147, 1075]
14061	[1203, 1799]
41095	[1003, 883]
40387	[1011]
29686	[1435]
14537	[2678]
4739	[849]
2497	[325, 1529, 1439]
53828	[99]
56730	[2401]
19653	[367]
6720	[913]
47441	[684]
28138	[2155]
198290	[1281]
50763	[671]
20612	[0, 0]
5392	[1805]
57118	[0]
7018	[2191]
12859	[54]
6453	[1813, 1204]
15435	[32]
202109	[1580, 1576]
5769	[613]
9304	[1258]
25227	[642]
22652	[634]
5413	[1057, 1161]
1853	[974]
6667	[3087]
11039	[794]
53013	[129]
52888	[4132]
29636	[1570]
10102	[0]
198249	[0]
8758	[33]
30844	[0, 1033]
58901	[0]
34781	[1813]
35054	[37]
48166	[177]
8455	[8]
18106	[2074]
8283	[50]
3267	[0]
36236	[0]
6939	[1552, 1442, 1424, 1212, 1401]
28220	[656]
263623	[773]
51185	[945]
39821	[1025]
29140	[3409]
28329	[1250]
133165	[1912]
513	[2385]
13030	[1210, 1266, 2505]
13237	[1195, 1704, 1126]
6079	[822]
9002	[1901, 1877, 1888]
22548	[58]
8218	[669, 665]
52752	[1506]
49463	[2355]
50304	[30]
20932	[163]
4181	[11140]
45177	[0]
262317	[1106]
12637	[1935]
22873	[0]
10026	[941, 948]
8468	[1008]
251	[2365]
25220	[2235]
3292	[2021]
59689	[1410]
4826	[1023]
24516	[0, 0, 0, 1484, 0, 0]
6762	[2325, 2312, 1382]
8596	[104]
46450	[10]
16735	[2003]
33843	[148]
34288	[2041, 0, 2049, 0]
34177	[495]
41695	[1053]
20080	[1697]
15547	[23, 49, 49, 0]
16347	[430]
4608	[825]
38726	[0, 0]
5650	[474]
1916	[3306]
47872	[2809]
2895	[724]
28571	[1714]
51405	[872]
31424	[0]
2518	[0]
1103	[50]
19754	[0]
25152	[22, 1903]
553	[1031]
32354	[844]
14361	[454, 751]
62567	[1991]
54073	[1411]
5645	[1404]
9189	[983]
25091	[0, 1022, 536, 1010]
7575	[3268, 5238]
25160	[1250]
58511	[0, 1096, 0, 0, 1096, 1529]
264268	[655]
50300	[1202]
15301	[1714]
42541	[1419]
29075	[1137]
28941	[953]
7500	[716]
12350	[867]
8928	[3579]
34019	[1114]
28294	[1808]
14840	[2530]
31122	[120]
52769	[152, 125]
32614	[372]
48285	[0]
24482	[50, 0, 52, 66, 50, 50, 62, 0]
1280	[1125]
263584	[32]
4777	[708]
37271	[1326]
3549	[813]
34146	[0]
4589	[1554, 1585]
680	[1077]
57381	[20]
