8426	[347, 373]
204028	[0]
15605	[64]
28917	[1981]
3491	[847]
41811	[1730]
49835	[1574]
262757	[845]
262750	[345]
52863	[1310]
48526	[0, 20]
8781	[2]
58308	[1224]
6082	[1242]
12779	[15, 1110, 1106]
20562	[786, 786]
52940	[714]
57821	[268]
1836	[0, 1848]
262612	[698]
3252	[1124]
31019	[18]
29691	[0]
30132	[39]
63956	[0]
53070	[1125]
38809	[956]
19151	[1097, 2184, 1119]
286	[2467, 2667]
1798	[923]
2914	[3586, 1903, 3150, 1881, 0]
59715	[0]
202194	[0]
38880	[264, 791, 53]
59469	[0]
41497	[951]
6830	[2176, 3236, 2512, 2738]
36351	[1103]
20764	[1252, 1183]
14061	[1281, 1930]
41095	[1104, 990]
40387	[1106]
29686	[1614]
14537	[2978]
4739	[943]
2497	[326, 1622, 1533]
53828	[96]
56730	[2644]
19653	[406]
6720	[1000]
47441	[773]
28138	[2353]
198290	[1422]
50763	[758]
20612	[0, 0]
5392	[1874]
57118	[0]
7018	[2386]
12859	[57]
6453	[2030, 1317]
15435	[36]
202109	[1764, 1754]
5769	[631]
9304	[1390]
25227	[643]
22652	[681]
5413	[1130, 1241]
1853	[1075]
6667	[3469]
11039	[862]
53013	[89]
52888	[4576]
29636	[1715]
10102	[0]
198249	[0]
8758	[56]
30844	[0, 1148]
58901	[0]
34781	[1892]
35054	[29]
48166	[166]
8455	[20]
18106	[2213]
8283	[63]
3267	[0]
36236	[0]
6939	[1739, 1615, 1591, 1367, 1564]
28220	[724]
263623	[846]
51185	[1048]
39821	[1144]
29140	[3798]
28329	[1371]
133165	[2116]
513	[2708]
13030	[1238, 1291, 2581]
13237	[1279, 1825, 1195]
6079	[873]
9002	[2132, 2107, 2122]
22548	[45]
8218	[753, 749]
52752	[1654]
49463	[2597]
50304	[40]
20932	[127]
4181	[12290]
45177	[0]
262317	[1154]
12637	[2145]
22873	[0]
10026	[1019, 1010]
8468	[1115]
251	[2542]
25220	[2499]
3292	[2163]
59689	[1569]
4826	[1139]
24516	[0, 0, 0, 1659, 0, 0]
6762	[2486, 2469, 1518]
8596	[125]
46450	[8]
16735	[2228]
33843	[175]
34288	[2234, 0, 2243, 0]
34177	[528]
41695	[1167]
20080	[1908]
15547	[27, 64, 64, 0]
16347	[312]
4608	[901]
38726	[0, 0]
5650	[502]
1916	[3608]
47872	[3137]
2895	[790]
28571	[1894]
51405	[933]
31424	[0]
2518	[0]
1103	[52]
19754	[0]
25152	[35, 2064]
553	[1105]
32354	[919]
14361	[495, 832]
62567	[2090]
54073	[1562]
5645	[1592]
9189	[1082]
25091	[0, 1120, 599, 1116]
7575	[3521, 5712]
25160	[1406]
58511	[0, 1177, 0, 0, 1177, 1654]
264268	[708]
50300	[1328]
15301	[1900]
42541	[1600]
29075	[1243]
28941	[1034]
7500	[753]
12350	[951]
8928	[3985]
34019	[1212]
28294	[2024]
14840	[2670]
31122	[100]
52769	[96, 85]
32614	[392]
48285	[0]
24482	[66, 0, 62, 81, 68, 66, 71, 0]
1280	[1212]
263584	[30]
4777	[746]
37271	[1412]
3549	[875]
34146	[0]
4589	[1665, 1742]
680	[1175]
57381	[30]
