8426	[361, 395]
204028	[0]
15605	[62]
28917	[1949]
3491	[839]
41811	[1726]
49835	[1543]
262757	[845]
262750	[337]
52863	[1301]
48526	[0, 19]
8781	[2]
58308	[1210]
6082	[1235]
12779	[15, 1104, 1091]
20562	[780, 780]
52940	[704]
57821	[270]
1836	[0, 1822]
262612	[697]
3252	[1122]
31019	[20]
29691	[0]
30132	[38]
63956	[0]
53070	[1119]
38809	[945]
19151	[1080, 2178, 1101]
286	[2424, 2622]
1798	[906]
2914	[3534, 1888, 3109, 1863, 0]
59715	[0]
202194	[0]
38880	[275, 779, 56]
59469	[0]
41497	[935]
6830	[2163, 3202, 2485, 2708]
36351	[1098]
20764	[1242, 1173]
14061	[1269, 1896]
41095	[1094, 970]
40387	[1087]
29686	[1572]
14537	[2938]
4739	[934]
2497	[323, 1626, 1529]
53828	[101]
56730	[2614]
19653	[399]
6720	[998]
47441	[766]
28138	[2336]
198290	[1390]
50763	[754]
20612	[0, 0]
5392	[1850]
57118	[0]
7018	[2348]
12859	[63]
6453	[2004, 1309]
15435	[37]
202109	[1750, 1747]
5769	[628]
9304	[1378]
25227	[577]
22652	[672]
5413	[1125, 1229]
1853	[1059]
6667	[3438]
11039	[851]
53013	[88]
52888	[4528]
29636	[1702]
10102	[0]
198249	[0]
8758	[55]
30844	[0, 1132]
58901	[0]
34781	[1913]
35054	[28]
48166	[179]
8455	[17]
18106	[2211]
8283	[61]
3267	[0]
36236	[0]
6939	[1716, 1587, 1575, 1343, 1539]
28220	[709]
263623	[825]
51185	[1042]
39821	[1128]
29140	[3762]
28329	[1349]
133165	[2096]
513	[2697]
13030	[1275, 1317, 2629]
13237	[1277, 1867, 1202]
6079	[870]
9002	[2092, 2061, 2078]
22548	[46]
8218	[747, 743]
52752	[1636]
49463	[2590]
50304	[38]
20932	[133]
4181	[12160]
45177	[0]
262317	[1162]
12637	[2124]
22873	[0]
10026	[1020, 1005]
8468	[1099]
251	[2532]
25220	[2474]
3292	[2142]
59689	[1551]
4826	[1126]
24516	[0, 0, 0, 1632, 0, 0]
6762	[2467, 2457, 1501]
8596	[108]
46450	[5]
16735	[2219]
33843	[173]
34288	[2222, 0, 2232, 0]
34177	[528]
41695	[1152]
20080	[1885]
15547	[25, 61, 61, 0]
16347	[316]
4608	[886]
38726	[0, 0]
5650	[499]
1916	[3564]
47872	[3098]
2895	[795]
28571	[1886]
51405	[919]
31424	[0]
2518	[0]
1103	[60]
19754	[0]
25152	[30, 2048]
553	[1091]
32354	[908]
14361	[490, 820]
62567	[2070]
54073	[1507]
5645	[1534]
9189	[1075]
25091	[0, 1112, 591, 1103]
7575	[3474, 5632]
25160	[1395]
58511	[0, 1174, 0, 0, 1174, 1648]
264268	[697]
50300	[1314]
15301	[1871]
42541	[1583]
29075	[1234]
28941	[1023]
7500	[753]
12350	[936]
8928	[3946]
34019	[1206]
28294	[2002]
14840	[2656]
31122	[93]
52769	[102, 88]
32614	[394]
48285	[0]
24482	[65, 0, 63, 80, 65, 65, 74, 0]
1280	[1205]
263584	[30]
4777	[747]
37271	[1403]
3549	[868]
34146	[0]
4589	[1655, 1730]
680	[1159]
57381	[28]
