8426	[811, 884]
15605	[20]
28917	[3842]
3491	[2, 1097]
41811	[2327]
7018	[2778]
49463	[3704]
262750	[877]
52863	[2865]
48526	[928]
8781	[803]
58308	[1627]
6082	[984]
20764	[1266, 1297]
20562	[2798, 2798]
52940	[1395]
11666	[29]
57821	[1317]
1836	[2319]
262612	[1045]
3252	[1301]
31019	[488]
3257	[421, 404, 506, 499, 404]
30132	[1303]
46450	[40]
14061	[2257, 2480]
19151	[1185, 2382, 1188]
286	[5458, 5946]
1798	[1122]
2914	[2498, 5056, 4093, 2656]
14840	[5678]
38880	[716, 2504, 3473]
41497	[2063]
32614	[908]
36351	[6759]
39821	[1405]
12779	[8, 1210, 1205]
38809	[1511]
3561	[1742, 1013]
41095	[1038, 1008]
40387	[1374]
29686	[2915]
14537	[3707]
4739	[672]
49835	[2555]
2497	[517, 2684, 2772]
53828	[47]
56730	[3931]
19653	[1003]
262757	[1022]
47441	[1673]
43100	[732]
28138	[2800, 1400]
198290	[2601]
50763	[656]
5392	[3642]
5396	[38]
12859	[4746]
6453	[4624, 5219]
15435	[1100]
202109	[3210, 2978]
5769	[1108]
9304	[2767]
25227	[2656]
22652	[1285]
5413	[1137, 1094]
1853	[1043]
6667	[5635]
11039	[919]
53013	[134]
52888	[7642]
29636	[2720]
6720	[1666]
49605	[16]
30844	[1089]
34781	[3778]
35054	[79]
48166	[882, 888]
8455	[19]
18106	[4649]
8283	[4882]
36236	[0]
6939	[3141, 3225, 2413, 2810, 3200]
28220	[1418]
6423	[740]
263623	[1606]
51185	[1023]
29140	[7505]
28329	[2612]
133165	[3746]
513	[2328]
13030	[2478, 3088, 5021]
13237	[4643, 5004, 3199]
6079	[1110]
9002	[2950, 640, 3009, 2771]
22548	[12]
8218	[2427, 2289]
52752	[2626]
6830	[4157, 2737, 2557, 4183]
50304	[1339]
20932	[10]
4181	[10278]
262317	[1694]
12637	[3351]
10026	[1001, 989]
8468	[1413]
251	[3765]
25220	[5467]
3292	[3443]
59689	[2778]
4826	[1305]
24516	[2172]
6762	[5383, 5122, 3275]
202032	[1088]
8596	[1456]
53070	[1509]
28929	[743]
16735	[4804]
33843	[194]
34288	[4191, 4190]
34177	[589]
41695	[2775]
20080	[3616]
15547	[4941, 4941, 2778]
16347	[775]
4608	[1097]
9026	[22]
20640	[826]
5650	[955]
1916	[4392]
27446	[370]
47872	[3881]
2895	[920]
28571	[3030]
51405	[1493]
1103	[4351]
37271	[1376]
25152	[1440, 3507]
553	[1288]
32354	[776]
14361	[1057, 1306]
62567	[4631]
54073	[2190]
5645	[4241]
13189	[42]
9189	[1214]
25091	[670, 1252, 1206]
7575	[2869, 5270]
58511	[1489, 1489, 1929]
264268	[1381]
50300	[1535]
15301	[3400]
42541	[2388]
29075	[1477]
28941	[942]
4589	[2546, 2673]
12350	[1338]
50620	[1842]
8928	[5434]
34019	[1478]
28294	[4290]
209	[1085, 1056, 1111]
31122	[87]
52769	[180, 131]
25160	[1802]
24482	[3482, 3934, 3131, 4403, 3483, 4639]
1280	[1552]
263584	[926]
4777	[1451]
13703	[48]
3549	[1312]
7500	[1448]
680	[1139]
57381	[1449]
