8426	[11, 3]
204028	[0]
39792	[0]
15605	[4]
28917	[84]
3491	[34, 832]
41811	[1485]
7018	[1484]
262757	[3]
262750	[820]
52863	[456]
48526	[0, 9]
8781	[51]
58308	[834]
6082	[911]
12779	[13, 12]
20562	[20, 20]
52940	[303]
11666	[15]
57821	[2948]
1836	[0, 30]
262612	[287]
3252	[795]
31019	[7]
29691	[0]
3257	[31, 28, 21, 21, 290]
30132	[9]
63956	[0]
28941	[12]
46450	[123]
14061	[2133, 1999]
19151	[3, 6, 4]
286	[29, 32]
8222	[11]
1798	[847]
2914	[184, 65, 92, 48, 0]
59715	[0]
202194	[0]
38883	[0]
38880	[790, 608, 0, 2906]
59469	[0]
41497	[2097]
36351	[1182]
39821	[63]
19782	[0, 0]
38809	[50]
3561	[10, 11]
41095	[894, 3]
40387	[130]
29686	[18]
14537	[8]
4739	[132]
49835	[1556]
2497	[2, 6, 4]
53828	[2]
56730	[2536]
19653	[794]
6720	[934]
20764	[48, 47]
47441	[56]
28138	[6, 3]
198290	[313]
50763	[12]
20612	[0, 0]
5392	[2093]
57118	[0, 0]
5396	[20]
12859	[25]
6453	[3036, 3566]
15435	[11]
197264	[0]
202109	[9, 9]
5769	[240]
9304	[6]
37989	[295]
53001	[271]
25227	[104]
22652	[8]
5413	[3, 2]
1853	[867]
6667	[5244]
11039	[140]
53013	[242]
52888	[3622]
29636	[12]
10102	[0]
49605	[8]
198249	[0]
8758	[24, 0]
30844	[3, 0]
2603	[38]
58901	[0]
34781	[0, 2142]
35054	[12]
48166	[26, 25]
8359	[8, 8]
8455	[42]
18106	[48]
8283	[28]
3267	[0, 38]
36236	[0]
6939	[3083, 1450, 1560, 1434, 2108, 2062, 2927, 1476, 2078, 1421, 1660, 1479]
28220	[924]
6423	[867]
263623	[352]
51185	[15]
29140	[3772]
28329	[649, 52]
133165	[2286]
513	[258]
13030	[131, 1657, 3318]
13237	[47, 63, 39]
6079	[4]
9002	[126, 132, 38, 163]
22548	[3]
8218	[0, 46, 45]
52752	[1662]
6830	[1642, 3314, 4328, 1770]
50304	[77]
20932	[10]
4181	[33]
45177	[0]
262317	[542]
12637	[3295]
22873	[0]
10026	[916, 896]
8468	[10]
251	[2530]
25220	[2109]
3292	[31]
59689	[2683]
4826	[3]
24516	[0, 0, 0, 328, 0, 0]
6762	[1594, 1589, 2432]
202032	[0, 1713]
8596	[10]
53070	[15]
6360	[0]
28929	[817]
16735	[18]
34288	[21, 0, 28, 0]
34177	[35]
41695	[5]
20080	[1534]
15547	[1668, 2967, 0, 2967]
16347	[31]
4608	[161]
196621	[0]
38726	[0, 0]
9026	[25]
20640	[10]
5650	[66]
1916	[2896]
27446	[4]
47872	[74]
2895	[31]
28571	[2614]
11537	[52]
51405	[454]
31424	[0]
2518	[0]
1103	[67]
37271	[990]
19754	[0]
25152	[315, 1749]
553	[10]
32354	[945]
52610	[264]
14361	[855, 3]
62567	[16]
54073	[1956]
5645	[11]
13189	[48]
9189	[892]
25091	[54, 0, 59, 13]
7575	[214, 294]
25160	[893]
58511	[0, 46, 46, 0, 0, 229]
264268	[328]
50300	[1016]
15301	[2522]
42541	[2512]
29075	[11]
1299	[0]
7500	[3]
12350	[843]
50620	[926]
8928	[12]
34019	[10]
28294	[17]
209	[247, 29, 26]
14840	[152]
31122	[3]
52769	[213, 214]
32614	[3]
48285	[0]
29608	[12]
24482	[11, 0, 15, 31, 11, 11, 13, 0]
45896	[0]
1280	[50]
263584	[303]
4777	[49]
49463	[3206]
13703	[15]
3549	[8]
34146	[0]
4589	[35, 33]
680	[12]
57381	[12]
