8426	[229, 340]
15605	[27]
28917	[957]
3491	[43, 350]
41811	[637]
7018	[1027]
49463	[1935]
262750	[244]
52863	[535]
48526	[251]
58308	[425]
6082	[405]
39821	[341]
20562	[309, 309]
52940	[350]
11666	[11]
57821	[274]
1836	[1071]
262612	[283]
3252	[331]
31019	[154]
3257	[49, 43, 77, 70, 43]
30132	[360]
46450	[37]
14061	[631, 754]
19151	[426, 834, 422]
286	[1061, 1171]
1798	[356]
2914	[736, 1154, 1392, 780]
14840	[1658]
38880	[432, 641, 638]
41497	[386]
32614	[356]
36351	[1835]
20764	[423, 412]
12779	[368, 355]
38809	[359]
3561	[555, 302]
41095	[328, 319]
40387	[407]
29686	[693]
14537	[1116]
4739	[426]
49835	[693]
2497	[173, 774, 739]
53828	[71]
56730	[1447]
19653	[280]
262757	[317]
47441	[473]
28138	[825]
198290	[512]
29608	[45]
5392	[1471]
5396	[16]
12859	[856]
6453	[1072, 1010]
15435	[357]
202109	[1044, 1035]
5769	[347]
9304	[594]
25227	[872]
30844	[312]
5413	[367, 435]
1853	[318]
6667	[1656]
11039	[312]
53013	[151]
52888	[1740]
29636	[767]
6720	[363]
49605	[16]
8758	[34]
22652	[349]
34781	[1285]
35054	[27]
48166	[314]
8455	[33]
18106	[1248]
8283	[1413]
9318	[5]
6939	[695, 690, 578, 643, 661]
28220	[350]
6423	[306]
263623	[413]
51185	[326]
29140	[1310]
28329	[643, 4]
133165	[680]
513	[813]
13030	[1302, 1222, 2608]
13237	[1068, 1561, 953]
6079	[429]
9002	[856, 859, 862]
22548	[57]
8218	[781, 751]
52752	[592]
6830	[1443, 1070, 1177, 1533]
50304	[398]
20932	[161]
4181	[5074]
262317	[424]
12637	[1039]
10026	[370, 357]
8468	[366]
251	[1401]
25220	[1620]
3292	[1145]
59689	[598]
4826	[382]
24516	[608]
6762	[1170, 1131, 844]
8596	[410]
53070	[342]
16735	[1339]
33843	[69]
34288	[1091, 1094]
34177	[156]
41695	[687]
20080	[897]
15547	[1187, 1187, 698]
16347	[201]
4608	[349]
5650	[255]
1916	[970]
27446	[22]
47872	[1193]
2895	[216]
28571	[806]
51405	[516]
1103	[1045]
37271	[496]
25152	[475, 837]
553	[393]
32354	[263]
14361	[368, 413]
62567	[1258]
54073	[686]
5645	[933]
13189	[6]
9189	[340]
25091	[219, 401, 395]
7575	[905, 1744]
58511	[319, 319, 472]
264268	[318]
50300	[430]
15301	[889]
42541	[702]
29075	[424]
28941	[372]
4589	[654, 649]
12350	[283]
8928	[1608]
34019	[433]
28294	[1372]
209	[658, 684, 684]
31122	[111]
52769	[209, 149]
25160	[534]
24482	[696, 802, 604, 1018, 696, 1546]
1280	[455]
263584	[286]
4777	[408]
13703	[19]
3549	[344]
7500	[402]
680	[377]
57381	[427]
