8426	[64, 87]
204028	[0]
15605	[146]
20640	[304]
20912	[1059]
28917	[16503]
41811	[3373]
49835	[2658]
262757	[181]
262750	[27]
52863	[2766]
48526	[0, 315]
8781	[3]
42541	[4476]
6082	[403]
12779	[366, 381]
10102	[0]
11666	[22]
57821	[4244]
1836	[0, 7805]
262612	[65]
29691	[0]
3257	[44, 52, 72, 49]
13004	[393]
63956	[0]
1299	[0, 0]
53070	[308]
393406	[8269]
38809	[112]
19151	[328, 384, 327]
286	[6806]
1798	[324]
2914	[4454, 2063, 3571, 0, 3573, 3436, 2194, 3416]
58621	[9]
59715	[0]
202194	[0]
38883	[0]
38880	[5056, 3449]
59469	[0]
41497	[4355]
20764	[333, 332]
14061	[2616, 2234]
29686	[5332]
4739	[1566]
2497	[2, 352, 330, 169]
53828	[295]
56730	[5856]
19653	[283]
6720	[216]
200130	[7118]
33437	[3304, 3300]
37100	[5915]
26162	[26, 26, 26, 24]
43100	[59]
20612	[0, 0]
8928	[5577]
198290	[4023]
29608	[9]
57463	[506]
20932	[6]
57118	[0]
5396	[8]
701	[318]
12859	[4414, 5251]
3277	[214]
6453	[4358]
15435	[332]
197264	[0]
202109	[4685, 4701]
5769	[321]
9304	[5292]
37989	[191]
53001	[155]
58308	[326]
22652	[606]
5413	[115, 262]
1853	[275]
6667	[8063, 7525, 7525]
11039	[3864]
53364	[63]
52888	[6602]
29636	[2497]
196621	[0]
198249	[0]
8758	[5978, 0]
30844	[116]
58901	[0]
31122	[334, 330]
1239	[28]
3741	[298]
48166	[325]
8455	[1364]
18106	[0]
9002	[5349, 4905, 4907, 5542]
36236	[0]
6939	[3745, 7331, 4859, 4395, 4982, 4753, 3895, 4293, 9616, 4239, 4386, 3510]
51185	[190]
52720	[48]
29140	[5568]
30071	[175, 133]
28329	[252, 505]
133165	[5726]
513	[1325]
13030	[4314, 9602, 4167, 4697, 4073, 4628, 4536]
13237	[3658]
8283	[6077]
22548	[28]
8218	[4352, 0, 3426]
6830	[9167, 9870, 11255, 10901]
40191	[3093]
31019	[779, 558]
4181	[10511]
262317	[184]
7018	[7090]
10026	[392]
251	[7331]
25220	[4942]
59689	[4505]
4826	[0]
24516	[0, 0, 0, 0]
6762	[5494, 5862, 6973]
202032	[0, 3903]
34224	[325]
8596	[327]
46450	[13]
16735	[5096]
35369	[325]
34288	[8827, 0, 8827, 0]
32614	[327]
41695	[3871]
20080	[5569]
15547	[0, 5273, 5273, 5274]
16347	[5]
6881	[174]
38726	[0, 0]
12637	[4468]
202018	[5742]
1916	[6106]
47872	[7095, 7095]
28571	[5860]
50763	[224]
51405	[1540]
31424	[0]
2518	[0]
1103	[8105]
37271	[341]
2516	[346]
25152	[2335, 353]
553	[326]
52610	[30]
32354	[363]
62567	[8586, 7500]
54073	[4954]
5645	[3375]
9189	[327]
25091	[325, 332, 325, 0]
7575	[5021, 4128, 0]
58511	[1746, 313, 562, 1746]
42708	[326]
264268	[23]
50300	[349]
15301	[5874]
50304	[300]
29075	[329]
28941	[248]
50620	[534]
2500	[2999]
34019	[322]
28294	[949]
209	[348, 356, 417]
14840	[7116]
1273	[6427]
34781	[0, 3388]
52769	[29, 31]
25160	[774]
3356	[381, 383]
2857	[322]
7660	[109]
9505	[2]
24482	[0, 0, 4268, 0, 4115, 4085, 4018, 4085]
262607	[44]
45896	[0]
1280	[321]
49463	[7009]
13703	[16]
34146	[0]
4589	[3276, 4693]
8763	[367]
680	[334]
57381	[212]
