8426	[218, 303]
204028	[0]
15605	[2570]
20640	[2851]
20912	[2605]
28917	[89778]
41811	[19081]
49835	[15067]
6720	[528]
262750	[103]
52863	[13]
48526	[0, 1415]
8781	[3]
42541	[28718]
6082	[2190]
12779	[176, 3233, 3263]
10102	[0]
11666	[24]
57821	[16764]
1836	[0, 44126]
262612	[107]
29691	[0]
3257	[71, 96, 104, 87]
13004	[2245]
63956	[0]
1299	[0, 0]
53070	[2800]
393406	[20239]
38809	[10]
19151	[2733, 3297, 2801]
286	[31]
1798	[2798]
2914	[24, 8, 11, 0, 12, 14, 12, 10]
59715	[0]
202194	[0]
38883	[0]
2857	[2727]
59469	[0]
41497	[22551]
20764	[2849, 2842]
14061	[2237, 2249]
29686	[22037]
4739	[25]
2497	[3, 3098, 2766, 1763]
53828	[775]
56730	[31620]
19653	[2847]
262757	[835]
200130	[17098]
33437	[15179, 15835]
37100	[22341]
26162	[144, 135, 136, 140]
43100	[1956]
20612	[0, 0]
8928	[32558]
198290	[17856]
29608	[14]
57463	[2697]
20932	[8]
57118	[0]
5396	[2732]
701	[6]
12859	[26312, 32687]
3277	[466]
6453	[18]
15435	[2853]
197264	[0]
202109	[23817, 22272]
5769	[11]
9304	[26331]
37989	[470]
53001	[186]
58308	[2814]
30844	[1279]
5413	[205, 2619]
1853	[2522]
6667	[41427, 37826, 37826]
11039	[14795]
53364	[85]
52888	[1562]
29636	[12359]
196621	[0]
198249	[0]
8758	[22490, 0]
22652	[5382]
58901	[0]
31122	[2842, 2834]
1239	[6]
3741	[2682]
48166	[2790]
8455	[11230]
18106	[16374]
9002	[33065, 35576, 33064, 38943]
36236	[0]
6939	[20070, 23994, 21183, 39567, 24251, 23099, 20385, 20519, 51880, 20352, 20144, 17912]
51185	[2787]
52720	[204]
29140	[24907]
30071	[6, 4]
28329	[204, 411]
133165	[5737]
513	[39]
13030	[34398, 75770, 31803, 44653, 32806, 42741, 36836]
13237	[24319]
8283	[16696]
22548	[75]
8218	[29328, 0, 22327]
6830	[20509, 20498, 25661, 21632]
40191	[21781]
31019	[2827, 1360]
4181	[26275]
262317	[144]
7018	[34]
10026	[895]
251	[35432]
25220	[18456]
59689	[17934]
4826	[2788]
24516	[0, 0, 0, 0]
6762	[15, 16, 16]
202032	[0, 19512]
34224	[2767]
8596	[2795]
46450	[21]
16735	[14464]
35369	[2804]
34288	[38693, 0, 0, 38632]
32614	[2800]
41695	[23449]
20080	[18544]
15547	[0, 21011, 21011, 11826]
16347	[12]
6881	[119]
38726	[0, 0]
12637	[34273]
202018	[15531]
1916	[3740]
47872	[15760, 15759]
28571	[1000]
50763	[2914]
51405	[3323]
31424	[0]
2518	[0]
1103	[34655]
13703	[7]
2516	[2926]
25152	[767, 2803]
553	[2617]
52610	[116]
32354	[2983]
62567	[19352, 17251]
54073	[22366]
5645	[16154]
9189	[2790]
25091	[2782, 0, 1624, 2769]
7575	[30542, 20312, 0]
58511	[2648, 333, 687, 2648]
42708	[2780]
264268	[98]
50300	[2497]
15301	[23985]
50304	[2759]
29075	[17]
28941	[83]
50620	[2507]
2500	[23]
34019	[2752]
28294	[4564]
209	[13, 15, 80]
14840	[1620]
1273	[35]
34781	[0, 30394]
52769	[132, 137]
25160	[7467]
3356	[11, 10]
38880	[14672, 17908]
7660	[138]
24482	[28158, 35901, 0, 0, 30020, 31830, 44882, 31830]
262607	[208]
45896	[0]
1280	[10]
49463	[41634]
37271	[2721]
4589	[17819, 22723]
8763	[2791]
680	[8]
57381	[490]
