8426	[260, 269]
204028	[0]
15605	[254]
20640	[265]
20912	[500]
28917	[2107]
41811	[665]
49835	[724]
6720	[376]
262750	[153]
52863	[427]
48526	[0, 182]
8781	[33]
42541	[815]
6082	[330]
12779	[13, 269, 275]
10102	[0]
11666	[142]
57821	[923]
1836	[0, 1155]
262612	[174]
29691	[0]
3257	[267, 377, 316, 350]
13004	[315]
63956	[0]
1299	[0, 0]
53070	[283]
393406	[1764]
38809	[288]
19151	[271, 299, 278]
286	[1176]
1798	[329]
2914	[757, 339, 370, 0, 358, 364, 454, 393]
59715	[0]
202194	[0]
38880	[463, 571]
59469	[0]
41497	[834]
20764	[312, 291]
14061	[902, 816]
29686	[819]
4739	[568]
2497	[302, 161, 302, 307]
53828	[246]
56730	[1219]
19653	[206]
262757	[273]
200130	[840]
33437	[589, 608]
37100	[907]
26162	[146, 146, 146, 145]
43100	[148]
20612	[0, 0]
198290	[907]
29608	[287]
57463	[307]
20932	[225]
57118	[0]
5396	[146]
701	[315]
12859	[1215, 1181]
3277	[302]
6453	[507]
15435	[270]
197264	[0]
202109	[645, 735]
5769	[284]
9304	[797]
37989	[140]
53001	[368]
58308	[375]
22652	[468]
5413	[270, 328]
1853	[310]
6667	[1254, 1365, 1365]
11039	[683]
53364	[527]
52888	[1446]
29636	[570]
196621	[0]
198249	[0]
8758	[711, 0]
30844	[226]
58901	[0]
31122	[226, 234]
1239	[235]
3741	[303]
48166	[286]
8455	[418]
18106	[733]
9002	[763, 849, 802, 903]
36236	[0]
6939	[555, 752, 613, 575, 1206, 735, 744, 610, 746, 1470, 745, 717]
51185	[197]
52720	[292]
29140	[1621]
30071	[147, 160]
28329	[263, 518]
133165	[913]
513	[660]
13030	[769, 963, 1734, 903, 936, 850, 859]
13237	[1089]
8283	[1260]
22548	[204]
8218	[883, 0, 784]
6830	[922, 1214, 1118, 940]
40191	[953]
31019	[728, 422]
4181	[3048]
262317	[374]
7018	[1506]
10026	[305]
251	[1004]
25220	[973]
59689	[1204]
4826	[223]
24516	[0, 0, 0, 0]
6762	[899, 931, 904]
24482	[641, 905, 698, 0, 0, 621, 1385, 641]
34224	[242]
8596	[295]
16735	[1246]
35369	[280]
34288	[1363, 0, 1357, 0]
32614	[337]
41695	[598]
20080	[931]
15547	[0, 964, 964, 551]
16347	[185]
6881	[309]
38726	[0, 0]
202018	[1214]
1916	[1228]
47872	[1448, 1350]
28571	[1684]
11537	[0]
50763	[361]
51405	[290]
31424	[0]
2518	[0]
1103	[1515]
2516	[281]
25152	[549, 377]
553	[376]
52610	[148]
32354	[270]
62567	[1732, 1480]
54073	[968]
5645	[841]
9189	[310]
25091	[313, 0, 177, 302]
7575	[1101, 923, 0]
58511	[316, 410, 1206, 1206]
42708	[237]
264268	[146]
50300	[292]
15301	[848]
50304	[281]
29075	[294]
28941	[268]
50620	[287]
8928	[1464]
34019	[346]
28294	[189]
209	[569, 639, 594]
14840	[1022]
1273	[1080]
34781	[0, 993]
52769	[162, 193]
25160	[274]
3356	[264, 270]
2857	[339]
202032	[0, 438]
262607	[250]
45896	[2]
1280	[291]
49463	[1279]
37271	[385]
34146	[0]
4589	[782, 809]
8763	[314]
680	[244]
57381	[308]
