8426	[86, 208]
204028	[0]
39792	[0]
15605	[72]
28917	[710]
3491	[37, 311]
41811	[707]
7018	[495]
262757	[251]
262750	[243]
52863	[500]
48526	[0, 135]
58308	[262]
6082	[353]
12779	[4, 336, 328]
52940	[292]
11666	[75]
57821	[171]
1836	[0, 520]
262612	[198]
3252	[274]
31019	[138]
29691	[0]
3257	[230, 261, 312, 261, 297]
30132	[249]
63956	[0]
28941	[263]
53070	[374]
14061	[389, 650]
19151	[718, 322, 322]
286	[914, 1005]
8222	[40]
1798	[334]
2914	[1114, 433, 899, 453, 0]
58621	[28]
202194	[0]
38883	[0]
38880	[0, 295, 673, 586]
59469	[0]
41497	[341]
6830	[466, 742, 462, 745]
36351	[1342]
20764	[352, 337]
38809	[303]
3561	[268, 295]
41095	[329, 320]
40387	[381]
29686	[443]
14537	[646]
4739	[429]
24115	[472, 472]
49835	[426]
2497	[157, 665, 666]
53828	[83]
56730	[858]
19653	[325]
6720	[241]
47441	[329]
28220	[312]
198290	[445]
50763	[80]
20612	[0, 0]
5392	[537]
57118	[0, 0]
5396	[40]
12859	[439]
6453	[463, 519]
15435	[281]
202109	[806, 863]
5769	[227]
9304	[522]
37989	[226]
25227	[365]
22652	[332]
5413	[259, 267]
1853	[372]
6667	[924]
11039	[609]
53013	[133]
52888	[1206]
29636	[578]
196621	[0]
49605	[131]
198249	[0]
8758	[135]
30844	[359, 0]
58901	[0]
34781	[0, 707]
35054	[73]
48166	[153, 153]
8455	[140]
18106	[1017]
8283	[977]
3267	[0]
36236	[0]
6939	[994, 966, 628, 815, 921]
28138	[687, 341]
6423	[150]
263623	[340]
51185	[337]
39821	[249]
29140	[697]
28329	[605, 32]
133165	[795]
513	[580]
13030	[637, 802, 1681]
13237	[659, 815, 646]
6079	[341]
9002	[861, 844, 863]
22548	[63]
8218	[353, 303]
52752	[474]
49463	[601]
50304	[331]
20932	[66]
4181	[2970]
45177	[0]
262317	[438]
12637	[516]
22873	[0]
10026	[339, 322]
8468	[331]
251	[933]
25220	[1032]
3292	[833]
59689	[319]
4826	[332]
24516	[0, 0, 0, 783, 0, 0]
6762	[903, 1112, 780]
8596	[325]
46450	[53]
16735	[1141]
33843	[100]
34288	[683, 0, 693, 0]
34177	[177]
41695	[661]
20080	[641]
15547	[680, 1246, 1246, 0]
16347	[238]
4608	[200]
38726	[0, 0]
5650	[279]
1916	[842]
27446	[31]
47872	[1088]
2895	[169]
28571	[478]
51405	[374]
31424	[0]
2518	[0]
1103	[901]
13703	[53]
19754	[0]
25152	[311, 536]
553	[316]
3549	[346]
32354	[343]
14361	[218, 358]
62567	[846]
54073	[404]
5645	[572]
9189	[340]
25091	[333, 0, 329, 188]
7575	[1088, 2202]
25160	[450]
58511	[0, 332, 332, 0, 0, 439]
264268	[290]
50300	[438]
15301	[481]
42541	[754]
29075	[414]
1299	[0]
7500	[333]
12350	[276]
50620	[326]
8928	[678]
34019	[313]
28294	[699]
209	[292, 296, 321]
14840	[882]
31122	[64]
52769	[123, 127]
32614	[312]
48285	[0]
24482	[1074, 0, 1215, 1019, 1459, 1074, 1569, 0]
1280	[246]
263584	[314]
4777	[227]
37271	[468]
29608	[40]
34146	[0]
4589	[437, 397]
680	[330]
57381	[327]
