15605	[9]
28917	[4895]
3491	[2659]
41811	[3245]
7018	[3045]
262757	[1733]
262750	[924]
52863	[2211]
48526	[0, 1226]
8781	[3]
58308	[3128]
6082	[3387]
20764	[2684, 2682]
52940	[2319]
11666	[9]
57821	[14]
1836	[0, 3424]
262612	[1173]
3252	[2179]
31019	[898]
29691	[0]
3257	[13, 10, 15, 18, 10]
30132	[2058]
63956	[0]
53070	[1880]
38809	[2548]
19151	[2661, 5546, 2580]
286	[3807, 3858]
8222	[6]
1798	[2004]
2914	[2812, 5781, 5782, 2892]
202194	[0]
38880	[3593, 2939, 2267]
41497	[1679]
32614	[1819]
36351	[10137]
39821	[2401]
12779	[12, 1654, 1622]
14061	[2893, 2893]
3561	[1906, 1927]
41095	[2105, 2002]
40387	[5392]
29686	[3901]
14537	[6795]
4739	[7470]
49835	[4528]
2497	[934, 4979, 4671]
53828	[10]
56730	[7629]
19653	[1518]
6720	[2242]
47441	[2632]
28138	[5113, 2549]
198290	[2850]
50763	[33]
20612	[0, 0]
5392	[6172]
57118	[0, 0]
5396	[4]
12859	[4787]
6453	[4081, 4532]
15435	[17]
202109	[2907, 2900]
5769	[1796]
9304	[2437]
37989	[1867]
25227	[3465]
22652	[1968]
5413	[2099, 2334]
1853	[2073]
6667	[6947]
11039	[3416]
53013	[20]
52888	[13286]
29636	[3234]
49605	[6]
198249	[0]
8758	[13]
30844	[1919]
58901	[0]
34781	[37]
35054	[8]
48166	[13, 13]
8455	[16]
18106	[7120]
8283	[7241]
3267	[0]
36236	[0]
6939	[3384, 2347, 1892, 2093, 3673]
28220	[2411]
6423	[8]
263623	[2954]
51185	[1856]
29140	[4655]
28329	[4190]
133165	[5309]
513	[6181]
13030	[35, 32, 64]
13237	[41, 43, 37]
6079	[2381]
9002	[2166, 2190, 2193]
22548	[9]
8218	[7, 6]
52752	[4088]
6830	[6506, 5544, 5857, 5525]
50304	[1659]
20932	[6]
4181	[23487]
45177	[0]
262317	[1426]
12637	[4683]
22873	[0]
10026	[1183, 1162]
8468	[2476]
251	[6518]
25220	[8010]
3292	[3941]
59689	[2743]
4826	[2549]
24516	[7357]
6762	[5509, 5306, 4844]
8596	[2508]
46450	[17]
16735	[7245]
33843	[394]
34288	[3923, 3923]
34177	[4]
41695	[2400]
20080	[6656]
15547	[2574, 4697, 4697]
16347	[4]
4608	[2593]
38726	[0]
5650	[1812]
1916	[5370]
27446	[2]
47872	[7508]
2895	[1044]
28571	[4881]
51405	[2789]
2518	[0]
1103	[3894]
13703	[4]
25152	[2643, 3790]
553	[2445]
32354	[2508]
14361	[2578, 2568]
62567	[7476]
54073	[5005]
5645	[6043]
9189	[2071]
25091	[1158, 2064, 2093]
7575	[6303, 9462]
58511	[0, 2033, 0, 0, 2033, 5237]
264268	[2235]
50300	[2881]
15301	[7174]
42541	[2745]
29075	[2708]
28941	[2289]
4589	[2741, 2883]
12350	[1574]
50620	[2152]
8928	[6261]
34019	[2294]
28294	[6326]
209	[14, 9, 10]
14840	[5418]
31122	[4]
52769	[26, 16]
25160	[2690]
24482	[6290, 7311, 5440, 11600, 6290, 12692]
1280	[2367]
263584	[10]
4777	[2630]
49463	[1753]
37271	[2455]
3549	[2135]
7500	[2634]
680	[2582]
57381	[1645]
