8426	[174, 299]
204028	[0]
39792	[0]
15605	[103]
28917	[1100]
3491	[105, 1026]
41811	[5]
7018	[964]
262757	[0]
262750	[225]
52863	[429]
48526	[0, 260]
8781	[3]
58308	[171]
6082	[1010]
12779	[7, 707, 681]
20562	[127, 127]
52940	[290]
11666	[11]
57821	[631]
1836	[0, 448]
262612	[186]
3252	[685]
31019	[36]
29691	[0]
3257	[207, 33, 53, 33, 49]
30132	[374]
63956	[0]
28941	[1]
53070	[238]
14061	[104, 38]
19151	[2100, 1021, 1045]
286	[0]
1798	[1050]
2914	[1646, 737, 0, 0, 0]
59715	[0]
202194	[0]
38883	[0]
38880	[0, 1069, 1069, 770]
59469	[0]
41497	[305]
5511	[510]
36351	[56]
39821	[694]
38809	[0]
3561	[498, 2]
41095	[1082, 951]
40387	[932]
29686	[456]
14537	[0]
4739	[692]
24115	[1069, 1069]
49835	[0]
2497	[556, 2095, 2104]
53828	[72]
56730	[436]
6720	[18]
20764	[697, 695]
47441	[685]
28138	[0, 0]
198290	[328]
29608	[1]
20612	[0, 0]
5392	[521]
57118	[0, 0]
5396	[34]
12859	[293]
6453	[566, 643]
15435	[333]
197264	[0]
202109	[254, 138]
5769	[804]
9304	[815]
25227	[1107]
22652	[774]
5413	[175, 192]
1853	[19]
6667	[1058]
11039	[881]
53013	[181]
52888	[1858]
29636	[552]
10102	[0]
49605	[30]
198249	[0]
8758	[0, 336]
30844	[22, 0]
58901	[0]
34781	[0, 817]
35054	[1]
48166	[44, 44]
8455	[58]
18106	[1069]
8283	[657]
3267	[0]
36236	[0]
6939	[0, 0, 0, 1]
28220	[341]
6423	[341]
263623	[344]
51185	[229]
29140	[231]
28329	[683, 94]
133165	[0]
513	[343]
13030	[2089, 1769, 3530]
13237	[1379, 1436, 915]
6079	[985]
9002	[575, 576, 576]
22548	[271]
8218	[0, 1095, 1061]
52752	[511]
49463	[531]
50304	[382]
20932	[12]
4181	[0]
45177	[0]
262317	[214]
12637	[290]
22873	[0]
10026	[1061, 1050]
8468	[703]
251	[452]
25220	[887]
3292	[366]
59689	[982]
4826	[0]
24516	[0, 0, 1069, 0, 0, 0]
6762	[405, 402, 395]
8596	[725]
6360	[0]
16735	[0]
33843	[38]
34288	[950, 0, 949, 0]
34177	[262]
41695	[346]
20080	[1558]
15547	[250, 249, 0, 249]
16347	[295]
6830	[1093, 701, 913]
4608	[975]
196621	[0]
38726	[0, 0]
20640	[714]
1916	[1904]
27446	[0]
47872	[172]
2895	[135]
28571	[930]
50763	[230]
51405	[1]
31424	[0]
2518	[0]
1103	[533]
37271	[434]
19754	[0]
25152	[30, 0]
553	[675]
32354	[971]
14361	[53, 0]
62567	[642]
54073	[0]
9189	[700]
25091	[0, 683, 686, 270]
7575	[382, 764]
25160	[375]
58511	[0, 696, 696, 0, 0, 529]
264268	[303]
50300	[224]
15301	[0]
42541	[1]
29075	[738]
1299	[0]
7500	[1014]
12350	[311]
50620	[316]
8928	[1976]
34019	[665]
28294	[745]
209	[651, 732, 766]
14840	[888]
31122	[38]
52769	[129, 175]
32614	[1053]
48285	[0]
24482	[43, 0, 58, 64, 0, 43, 1, 0]
1280	[432]
263584	[259]
4777	[1090]
13703	[0]
3549	[958]
34146	[0]
4589	[690, 556]
680	[0]
57381	[318]
