8426	[137, 251]
204028	[0]
39792	[0]
15605	[84]
28917	[945]
3491	[0, 654]
41811	[582]
7018	[0]
262757	[0]
262750	[171]
52863	[348]
48526	[0, 91]
8781	[3]
58308	[1]
6082	[728]
12779	[6, 494, 500]
20562	[890, 890]
52940	[161]
11666	[35]
57821	[512]
1836	[0, 328]
262612	[117]
3252	[486]
31019	[417]
29691	[0]
3257	[34, 33, 32, 33, 32]
30132	[0]
63956	[0]
28941	[467]
53070	[12]
14061	[977, 970]
19151	[794, 1658, 789]
286	[0]
1798	[797]
2914	[0, 1, 0, 0, 0]
59715	[0]
202194	[0]
38883	[0]
38880	[0, 821, 0, 596]
59469	[0]
41497	[117]
5511	[178]
36351	[2587]
39821	[495]
38809	[722]
3561	[1]
41095	[786, 772]
40387	[1570]
29686	[0]
14537	[884]
4739	[207]
24115	[821, 821]
49835	[0]
2497	[0, 0, 0]
53828	[29]
56730	[323]
19653	[76]
6720	[70]
20764	[516, 520]
47441	[766]
28220	[0]
198290	[169]
50763	[124]
20612	[0, 0]
5392	[0]
57118	[0, 0]
5396	[51]
12859	[158]
6453	[0, 0]
15435	[85]
202109	[506, 539]
5769	[632]
9304	[856]
25227	[1]
22652	[596]
5413	[82, 107]
1853	[162]
6667	[0]
11039	[699]
53013	[54]
52888	[2666]
29636	[0]
10102	[0]
49605	[0]
198249	[0]
8758	[0, 0]
30844	[37, 0]
58901	[0]
34781	[0, 759]
35054	[43]
48166	[470, 466]
8455	[78]
18106	[1005]
8283	[588]
3267	[0]
36236	[0]
6939	[971, 1293, 1185, 798, 1263]
28138	[939, 472]
6423	[0]
263623	[67]
51185	[541]
29140	[1739]
28329	[386, 36]
133165	[0]
513	[174]
13030	[1529, 504, 1263]
13237	[1191, 982, 772]
6079	[737]
9002	[0, 0, 0]
22548	[197]
8218	[0, 1133, 968]
52752	[398]
49463	[762]
50304	[95]
20932	[91]
4181	[4942]
45177	[0]
262317	[0]
12637	[269]
22873	[0]
10026	[788, 774]
8468	[504]
251	[569]
25220	[606]
59689	[712]
4826	[807]
24516	[0, 0, 0, 0, 0]
6762	[350, 349, 294]
8596	[529]
46450	[41]
6360	[0]
16735	[993]
33843	[35]
34288	[137, 0, 137, 0]
34177	[100]
41695	[156]
20080	[1771]
15547	[66, 183, 0, 183]
16347	[93]
6830	[5, 0, 5, 0]
4608	[589]
196621	[0]
38726	[0, 0]
20640	[494]
1916	[714]
27446	[0]
47872	[490]
2895	[15]
28571	[1251]
51405	[139]
31424	[0]
2518	[0]
1103	[492]
37271	[626]
19754	[0]
25152	[0, 578]
553	[493]
32354	[811]
14361	[800, 825]
62567	[0]
54073	[848]
5645	[343]
9189	[504]
25091	[0, 512, 504, 99]
7575	[932, 1866]
25160	[280]
58511	[0, 502, 502, 0, 0, 379]
264268	[166]
50300	[612]
15301	[804]
42541	[809]
29075	[1]
1299	[0]
7500	[0]
12350	[138]
50620	[176]
8928	[2672]
34019	[486]
28294	[656]
14840	[420]
31122	[33]
52769	[51, 52]
32614	[788]
48285	[0]
29608	[43]
24482	[779, 0, 884, 650, 1113, 779, 1386, 0]
1280	[0]
263584	[131]
4777	[0]
13703	[0]
3549	[766]
34146	[0]
4589	[231, 204]
680	[573]
57381	[146]
