8426	[163, 343]
204028	[0]
39792	[0]
15605	[117]
28917	[986]
3491	[102, 657]
41811	[568]
7018	[498]
262757	[367]
262750	[172]
52863	[451]
48526	[0, 91]
8781	[3]
58308	[512]
6082	[757]
12779	[6, 499, 501]
20562	[897, 897]
52940	[160]
11666	[51]
57821	[513]
1836	[0, 236]
262612	[95]
3252	[494]
31019	[416]
29691	[0]
3257	[283, 244, 311, 244, 333]
30132	[215]
63956	[0]
28941	[444]
53070	[274]
14061	[1283, 1340]
19151	[1672, 790, 798]
286	[1069, 987]
1798	[797]
2914	[886, 473, 817, 417, 0]
59715	[0]
202194	[0]
38883	[0]
38880	[0, 1362, 1302, 1073]
59469	[0]
41497	[132]
5511	[158]
36351	[3331]
39821	[494]
38809	[793]
3561	[210, 205]
41095	[787, 797]
40387	[1568]
29686	[438]
14537	[668]
4739	[528]
24115	[821, 821]
49835	[284]
2497	[96, 1615, 1568]
53828	[113]
56730	[497]
19653	[444]
6720	[516]
20764	[518, 522]
47441	[508]
28220	[199]
198290	[205]
50763	[129]
20612	[0, 0]
5392	[323]
57118	[0, 0]
5396	[78]
12859	[440]
6453	[535, 719]
15435	[231]
202109	[1281, 1273]
5769	[649]
9304	[878]
25227	[664]
22652	[659]
5413	[474, 517]
1853	[560]
6667	[758]
11039	[1207]
53013	[95]
52888	[2690]
29636	[316]
10102	[0]
49605	[136]
198249	[0]
8758	[0, 358]
30844	[0, 415]
58901	[0]
34781	[0, 1101]
35054	[80]
48166	[200, 201]
8455	[206]
18106	[1688]
8283	[1582]
3267	[0]
9318	[2]
36236	[0]
6939	[1290, 1209, 824, 1000, 1268]
28138	[1161, 584]
6423	[204]
263623	[227]
51185	[541]
29140	[2302]
28329	[387, 46]
133165	[1960]
513	[213]
13030	[1649, 520, 1273]
13237	[1467, 1420, 1028]
6079	[788]
9002	[714, 704, 702]
22548	[182]
8218	[867, 826]
52752	[376]
49463	[510]
50304	[208]
20932	[159]
4181	[8290]
45177	[0]
262317	[252]
12637	[345]
22873	[0]
10026	[811, 795]
8468	[509]
251	[612]
25220	[1231]
3292	[956]
59689	[700]
4826	[820]
24516	[0, 0, 2444, 0, 0, 0]
6762	[812, 830, 591]
8596	[535]
46450	[95]
6360	[0]
16735	[1219]
33843	[100]
34288	[819, 0, 818, 0]
34177	[101]
41695	[249]
20080	[1927]
15547	[373, 1635, 0, 1635]
16347	[154]
6830	[1508, 896, 1554, 840]
4608	[611]
196621	[0]
38726	[0, 0]
20640	[492]
5650	[195]
1916	[2186]
27446	[28]
47872	[985]
2895	[67]
28571	[1307]
51405	[151]
31424	[0]
2518	[0]
1103	[793]
13703	[38]
19754	[0]
25152	[469, 1021]
553	[503]
3549	[787]
32354	[819]
14361	[804, 835]
62567	[1331]
54073	[819]
5645	[1338]
9189	[517]
25091	[0, 510, 509, 99]
7575	[1240, 2384]
25160	[295]
58511	[0, 506, 506, 0, 0, 382]
264268	[172]
50300	[593]
15301	[937]
42541	[755]
29075	[513]
1299	[0]
7500	[773]
12350	[130]
50620	[184]
8928	[2809]
34019	[498]
28294	[944]
209	[480, 357, 356]
14840	[690]
31122	[72]
52769	[95, 90]
32614	[790]
48285	[0]
24482	[1008, 0, 1178, 852, 2993, 1008, 1837, 0]
1280	[470]
263584	[189]
4777	[687]
37271	[657]
29608	[132]
34146	[0]
4589	[694, 532]
680	[540]
57381	[185]
