8426	[190, 422]
15605	[72]
28917	[778]
3491	[68, 478]
41811	[806]
7018	[1073]
49463	[1054]
262750	[253]
52863	[525]
48526	[287]
58308	[611]
6082	[631]
12779	[3, 382, 372]
52940	[470]
57821	[354]
1836	[1507]
262612	[320]
3252	[397]
31019	[220]
30132	[503]
53070	[410]
14061	[849, 1038]
19151	[567, 1150, 550]
286	[720, 698]
1798	[413]
2914	[827, 1296, 1626, 852]
14840	[1226]
38880	[549, 869, 944]
41497	[379]
32614	[468]
36351	[2312]
20764	[640, 634]
38809	[529]
3561	[442, 405]
41095	[423, 419]
40387	[936]
29686	[490]
14537	[986]
4739	[683]
49835	[775]
2497	[357, 926, 940]
53828	[140]
56730	[1423]
19653	[365]
262757	[436]
47441	[716]
28138	[1157, 578]
198290	[619]
29608	[93]
5392	[1205]
5396	[83]
12859	[913]
6453	[693, 785]
15435	[430]
202109	[1390, 1406]
5769	[530]
9304	[597]
25227	[1313]
30844	[415]
5413	[555, 653]
1853	[434]
6667	[1543]
11039	[621]
53013	[193]
52888	[1728]
29636	[1109]
6720	[657]
22652	[464]
34781	[1378]
35054	[81]
48166	[439, 437]
18106	[1432]
8283	[1228]
6939	[622, 764, 766, 478, 766]
28220	[482]
6423	[430]
263623	[569]
51185	[419]
39821	[500]
29140	[1314]
28329	[864, 16]
133165	[1138]
513	[1228]
13030	[1368, 1242, 2458]
13237	[978, 1613, 853]
6079	[611]
9002	[849, 868, 874]
22548	[153]
8218	[6, 5]
52752	[625]
6830	[1018, 784, 954, 1018]
50304	[574]
20932	[303]
4181	[5408]
262317	[482]
12637	[1072]
10026	[505, 499]
8468	[501]
251	[831]
25220	[1777]
3292	[1072]
59689	[591]
4826	[508]
24516	[1211]
6762	[847, 847, 933]
8596	[524]
46450	[4]
16735	[1438]
33843	[104]
34288	[1340, 1340]
34177	[216]
41695	[560]
20080	[913]
15547	[1392, 1392, 685]
16347	[239]
4608	[543]
5650	[357]
1916	[1254]
27446	[30]
47872	[1532]
2895	[344]
28571	[726]
51405	[538]
1103	[488]
25152	[651, 1087]
553	[562]
32354	[383]
14361	[519, 530]
62567	[1421]
54073	[1009]
5645	[1171]
9189	[507]
25091	[236, 484, 495]
7575	[1506, 2914]
58511	[496, 496, 761]
264268	[469]
50300	[551]
15301	[1328]
42541	[570]
29075	[574]
28941	[488]
4589	[918, 915]
12350	[444]
50620	[580]
8928	[1365]
34019	[612]
28294	[1405]
209	[507, 535, 526]
31122	[207]
52769	[301, 189]
25160	[659]
24482	[913, 1052, 813, 1156, 914, 1982]
1280	[530]
263584	[134]
4777	[543]
37271	[540]
3549	[428]
7500	[558]
680	[529]
57381	[560]
