8426	[94, 100]
204028	[0]
39792	[0]
15605	[80]
28917	[780]
3491	[63, 249]
41811	[315]
7018	[568]
262757	[184]
262750	[143]
52863	[426]
48526	[0, 104]
8781	[3]
58308	[244]
6082	[283]
12779	[6, 176, 172]
52940	[321]
11666	[97]
57821	[120]
1836	[0, 458]
262612	[155]
3252	[231]
31019	[129]
29691	[0]
3257	[173, 150, 215, 150, 231]
30132	[242]
63956	[0]
28941	[270]
53070	[276]
14061	[452, 491]
19151	[560, 249, 261]
286	[686, 705]
1798	[78]
2914	[826, 361, 742, 416, 0]
58621	[48]
59715	[0]
202194	[0]
38880	[524, 457, 0, 358]
59469	[0]
41497	[177]
6830	[627, 995, 719, 893]
36351	[1487]
39821	[266]
38809	[274]
3561	[404, 260]
41095	[251, 247]
40387	[560]
29686	[565]
7606	[246, 246]
4739	[246]
24115	[243, 243]
49835	[403]
2497	[50, 493, 512]
53828	[97]
56730	[903]
19653	[238]
6720	[200]
20764	[352, 359]
47441	[263]
28220	[328]
198290	[338]
50763	[119]
20612	[0, 0]
5392	[596]
57118	[0, 0]
5396	[70]
12859	[587]
6453	[487, 570]
15435	[129]
202109	[572, 581]
5769	[204]
9304	[386]
25227	[687]
30844	[227, 0]
5413	[251, 258]
1853	[293]
6667	[935]
11039	[451]
53013	[56]
52888	[1722]
29636	[484]
10102	[0]
49605	[119]
198249	[0]
8758	[153]
22652	[269]
58901	[0]
34781	[0, 540]
35054	[77]
48166	[155, 153]
8455	[140]
18106	[706]
8283	[788]
3267	[0]
36236	[0]
6939	[448, 420, 290, 345, 408]
28138	[537, 267]
6423	[158]
263623	[446]
51185	[243]
29140	[661]
28329	[628, 24]
133165	[619]
513	[573]
13030	[541, 487, 978]
13237	[529, 809, 453]
6079	[284]
9002	[402, 394, 405]
22548	[153]
8218	[247, 185]
52752	[583]
49463	[288]
50304	[225]
20932	[173]
4181	[3405]
45177	[0]
262317	[210]
12637	[689]
22873	[0]
10026	[237, 235]
8468	[255]
251	[1073]
25220	[1025]
3292	[568]
59689	[248]
4826	[271]
24516	[0, 0, 754, 0, 0, 0]
6762	[1032, 1052, 903]
8596	[285]
46450	[112]
6360	[0]
16735	[836]
33843	[116]
34288	[508, 0, 512, 0]
34177	[106]
41695	[273]
20080	[919]
15547	[302, 787, 0, 787]
16347	[119]
4608	[258]
196621	[0]
38726	[0, 0]
5650	[268]
1916	[716]
27446	[41]
47872	[756]
2895	[88]
28571	[697]
51405	[202]
31424	[0]
2518	[0]
1103	[554]
13703	[147]
19754	[0]
25152	[233, 410]
553	[267]
3549	[289]
32354	[267]
14361	[266, 275]
62567	[1001]
54073	[481]
5645	[596]
9189	[273]
25091	[259, 0, 251, 115]
7575	[1100, 1482]
25160	[321]
58511	[0, 178, 178, 0, 0, 534]
14537	[685]
264268	[320]
50300	[328]
15301	[661]
42541	[381]
29075	[295]
1299	[0]
7500	[219]
12350	[212]
50620	[194]
8928	[1200]
34019	[272]
28294	[776]
209	[483, 478, 513]
14840	[744]
31122	[70]
52769	[55, 58]
32614	[187]
48285	[0]
24482	[576, 0, 637, 530, 854, 576, 836, 0]
1280	[282]
263584	[97]
4777	[256]
37271	[360]
29608	[112]
34146	[0]
4589	[539, 510]
680	[305]
57381	[189]
