8426	[56, 30]
204028	[0]
39792	[0]
15605	[37]
28917	[1776]
3491	[19, 700]
41811	[1336]
7018	[1264]
262757	[410]
262750	[307]
52863	[397]
48526	[0, 365]
58308	[460]
6082	[791]
12779	[686, 644]
52940	[722]
11666	[38]
57821	[89]
1836	[0, 1576]
262612	[58]
3252	[701]
31019	[264]
29691	[0]
3257	[83, 79, 117, 79, 95]
30132	[727]
63956	[0]
28941	[574]
53070	[689]
14061	[1118, 1233]
19151	[1566, 699, 741]
286	[2097, 2123]
1798	[620]
2914	[3452, 1909, 4242, 2652, 0]
59715	[0]
202194	[0]
38883	[0]
38880	[94, 192, 1434]
59469	[0]
41497	[845]
6830	[2487, 3814, 2555, 3461]
36351	[1755]
20764	[837, 795]
38809	[682]
3561	[120, 735]
41095	[826, 755]
40387	[760]
29686	[1313]
14537	[1778]
4739	[863]
49835	[1274]
2497	[11, 1512, 1478]
53828	[74]
56730	[2181]
19653	[772]
6720	[545]
47441	[711]
28138	[1498]
198290	[1285]
29608	[19]
20612	[0, 0]
5392	[1269]
57118	[0]
5396	[38]
12859	[2923]
6453	[260, 307]
15435	[91]
197264	[0]
202109	[2358, 2341]
5769	[113]
9304	[800]
25227	[904]
22652	[241]
5413	[402, 433]
1853	[736]
6667	[2383]
11039	[692]
53013	[72]
52888	[940]
29636	[1277]
10102	[0]
49605	[48]
198249	[0]
8758	[0, 122]
30844	[754, 0]
58901	[0]
34781	[0, 246]
35054	[27]
48166	[45]
8455	[68]
18106	[878]
8283	[2386]
3267	[0]
36236	[0]
6939	[1984, 1125, 1957, 1267, 1962]
28220	[756]
6423	[112]
263623	[753]
51185	[710]
39821	[703]
29140	[3291]
28329	[1493, 22]
133165	[1576]
513	[1399]
13030	[266, 264, 516]
13237	[205, 334, 170]
6079	[424]
9002	[1460, 1463, 1462]
22548	[52]
8218	[0, 51, 44]
52752	[274]
49463	[900]
50304	[659]
20932	[28]
4181	[8207]
45177	[0]
262317	[436]
12637	[2410]
22873	[0]
10026	[229, 225]
8468	[719]
251	[2088]
25220	[1668]
3292	[1369]
59689	[205]
4826	[770]
24516	[0, 0, 0, 1410, 0, 0]
6762	[1720, 1745, 1444]
8596	[755]
46450	[64]
16735	[1817]
33843	[158]
34288	[1267, 0, 1268, 0]
34177	[30]
41695	[703]
20080	[1771]
15547	[975, 1329, 0, 1329]
16347	[494]
4608	[136]
196621	[0]
38726	[0, 0]
5650	[42]
1916	[1156]
27446	[20]
47872	[1494]
2895	[152]
28571	[405]
51405	[1353]
31424	[0]
2518	[0]
1103	[1698]
37271	[859]
19754	[0]
25152	[743, 2335]
553	[651]
32354	[704]
14361	[370, 771]
62567	[2071]
54073	[1283]
5645	[1831]
9189	[697]
25091	[781, 0, 796, 614]
7575	[2710, 5066]
25160	[1165]
58511	[0, 275, 275, 0, 0, 566]
264268	[738]
50300	[789]
15301	[2001]
42541	[1220]
29075	[823]
1299	[0]
7500	[616]
12350	[656]
8928	[2505]
34019	[700]
28294	[1488]
209	[425, 426, 433]
14840	[298]
31122	[40]
52769	[61, 70]
32614	[574]
48285	[0]
24482	[1795, 0, 1945, 1587, 1820, 1795, 2129, 0]
45896	[0]
1280	[795]
263584	[247]
4777	[620]
13703	[39]
3549	[723]
34146	[0]
4589	[1075, 1165]
680	[747]
57381	[662]
