8426	[12]
204028	[0]
15605	[2]
28917	[1764]
3491	[1101]
41811	[2264]
49835	[1766]
262757	[900]
262750	[993]
52863	[1271]
48526	[0, 715]
8781	[2]
58308	[1319]
6082	[1613]
12779	[9, 755, 731]
52940	[1433]
57821	[1090]
1836	[0, 1497]
262612	[965]
3252	[157]
31019	[542]
29691	[0]
30132	[1067]
63956	[0]
53070	[1138]
38809	[1155]
19151	[1220, 2858, 1190]
286	[2412, 2545]
1798	[833]
2914	[3978, 2163, 2271, 2073, 0]
59715	[0]
202194	[0]
38880	[10, 1106, 1377]
59469	[0]
41497	[944]
6830	[1280, 1903, 1313, 1902]
36351	[3517]
20764	[1573, 1240]
14061	[1687, 1960]
3561	[1160, 1054]
41095	[1368, 1078]
40387	[1161]
29686	[1186]
14537	[1660]
4739	[720]
2497	[342, 2267, 2464]
53828	[6]
56730	[4262]
19653	[1100]
6720	[1166]
47441	[1151]
28138	[2466]
198290	[1371]
50763	[41]
20612	[0, 0]
5392	[2961]
57118	[0]
7018	[3187]
12859	[3197]
6453	[2428, 1463]
15435	[11]
202109	[1324, 1331]
5769	[1036]
9304	[1529]
25227	[831]
22652	[1342]
5413	[1127, 1189]
1853	[1101]
6667	[4050]
11039	[1004]
53013	[40]
52888	[4490]
29636	[1865]
10102	[0]
198249	[0]
8758	[59]
30844	[0, 1102]
58901	[0]
34781	[24]
48166	[936]
8455	[8]
18106	[2627]
8283	[2841]
3267	[0]
36236	[0]
6939	[1297, 1852, 1774, 1125, 1874]
28220	[1456]
6423	[1106]
263623	[1889]
51185	[1123]
39821	[1339]
29140	[3148]
28329	[2788]
133165	[3291]
513	[3493]
13030	[30, 22, 40]
13237	[27, 55, 25]
6079	[1210]
9002	[2589, 2601, 2594]
22548	[13]
52752	[1578]
49463	[1063]
50304	[1085]
20932	[780]
4181	[13516]
45177	[0]
262317	[1108]
12637	[3314]
22873	[0]
10026	[804, 792]
8468	[1166]
251	[4295]
25220	[2165]
3292	[15]
59689	[1192]
4826	[948]
24516	[0, 0, 1560, 0, 0, 0]
6762	[2644, 2240, 2858]
8596	[1451]
46450	[4]
16735	[4104]
33843	[202]
34288	[1632, 0, 1633, 0]
34177	[437]
41695	[1173]
20080	[2762]
15547	[978, 1753, 1753, 0]
4608	[1038]
38726	[0, 0]
5650	[1082]
1916	[2986]
47872	[2461]
2895	[695]
28571	[2146]
51405	[1175]
31424	[0]
2518	[0]
1103	[1475]
19754	[0]
25152	[1258, 2355]
553	[1223]
32354	[933]
14361	[1211, 1497]
62567	[3913]
54073	[1326]
5645	[3222]
9189	[1112]
25091	[0, 1126, 632, 1136]
7575	[2542, 4504]
25160	[1939]
58511	[0, 800, 0, 0, 800, 1720]
264268	[1421]
50300	[1488]
15301	[3012]
42541	[1558]
29075	[1669]
28941	[1101]
7500	[1054]
12350	[716]
8928	[3708]
34019	[1180]
28294	[2896]
209	[1116, 1113, 1113]
14840	[3236]
31122	[6]
52769	[54, 36]
32614	[1110]
48285	[0]
24482	[2514, 0, 2874, 2182, 3791, 2514, 5590, 0]
1280	[1547]
263584	[12]
4777	[1041]
37271	[1607]
3549	[1122]
34146	[0]
4589	[2557, 2569]
680	[1208]
57381	[888]
