8426	[2, 2]
204028	[0]
15605	[15]
28917	[741]
3491	[1, 1135]
41811	[1671]
7018	[2421]
49463	[722]
262750	[603]
52863	[1205]
48526	[0, 6]
58308	[972]
6082	[639]
12779	[13, 659, 642]
52940	[1073]
11666	[6]
57821	[28]
1836	[0, 2777]
262612	[626]
3252	[974]
31019	[732]
29691	[0]
3257	[5, 1, 2, 1, 5]
30132	[972]
63956	[0]
53070	[860]
14061	[686, 689]
19151	[2324, 1083, 1131]
286	[2551, 2541]
1798	[879]
2914	[1378, 658, 1360, 688, 0]
59715	[0]
202194	[0]
38880	[26, 1407, 1676]
59469	[0]
41497	[656]
36351	[4062]
20764	[1162, 1146]
38809	[918]
3561	[1153, 942]
41095	[1093, 1081]
40387	[687]
29686	[1227]
14537	[1735]
4739	[438]
49835	[1172]
2497	[341, 1469, 1461]
53828	[11]
56730	[1780]
19653	[825]
262757	[782]
47441	[1126]
28138	[2434]
198290	[986]
29608	[4]
20612	[0, 0]
5392	[3904]
57118	[0]
5396	[3]
12859	[2211]
6453	[1376, 1539]
15435	[35]
202109	[739, 732]
5769	[934]
9304	[665]
25227	[861]
22652	[1067]
5413	[911, 931]
1853	[1097]
6667	[2553]
11039	[611]
53013	[412]
52888	[4464]
29636	[686]
10102	[0]
6720	[666]
49605	[2]
198249	[0]
8758	[0, 788]
30844	[80, 0]
58901	[0]
34781	[80]
35054	[11]
48166	[17]
8455	[25]
18106	[1926]
8283	[2548]
3267	[0]
36236	[0]
6939	[90, 106, 107, 74, 112]
28220	[1080]
6423	[1]
263623	[1069]
51185	[787]
39821	[671]
29140	[1591]
28329	[2145, 2]
133165	[2650]
513	[1958]
13030	[57, 44, 94]
13237	[69, 103, 71]
6079	[1017]
9002	[1781, 1774, 1793]
22548	[2]
8218	[2, 3]
52752	[1600]
6830	[1738, 1811, 1916, 1634]
50304	[660]
20932	[14]
4181	[15392]
45177	[0]
262317	[894]
12637	[705]
22873	[0]
10026	[654, 650]
8468	[1119]
251	[982]
25220	[2323]
3292	[683]
59689	[1159]
4826	[921]
24516	[0, 0, 0, 1547, 0, 0]
6762	[1769, 2155, 2028]
8596	[981]
46450	[20]
16735	[3035]
33843	[156]
34288	[1458, 0, 1450, 0]
34177	[5]
41695	[980]
20080	[2296]
15547	[12, 1856, 0, 1856]
16347	[4]
4608	[829]
196621	[0]
38726	[0, 0]
5650	[960]
1916	[2508]
27446	[1]
47872	[2645]
2895	[467]
28571	[1668]
51405	[4]
31424	[0]
2518	[0]
1103	[2101]
13703	[3]
19754	[0]
25152	[1170, 1128]
553	[951]
32354	[656]
14361	[885, 1028]
62567	[2392]
54073	[1509]
5645	[1238]
9189	[1003]
25091	[1103, 0, 1099, 16]
7575	[1560, 2828]
25160	[1085]
58511	[0, 493, 493, 0, 0, 835]
264268	[1050]
50300	[1348]
15301	[1844]
42541	[1714]
29075	[1059]
28941	[908]
7500	[661]
12350	[657]
8928	[2215]
34019	[1112]
28294	[3007]
209	[5, 3, 3]
14840	[1748]
31122	[10]
52769	[218, 352]
32614	[738]
48285	[0]
24482	[2096, 0, 2403, 1768, 3341, 2095, 2898, 0]
1280	[713]
263584	[590]
4777	[667]
37271	[1147]
3549	[1133]
34146	[0]
4589	[635, 681]
680	[1092]
57381	[649]
