8426	[2, 1]
15605	[1]
28917	[1590]
3491	[29, 340]
41811	[5]
7018	[1166]
49463	[58]
262750	[337]
52863	[2147]
48526	[6]
58308	[21]
6082	[229]
39821	[11]
52940	[24]
11666	[27]
57821	[3]
1836	[66]
262612	[15]
3252	[2]
31019	[7]
3257	[34, 16, 47, 43, 16]
30132	[1136]
53070	[46]
14061	[24, 288]
19151	[3, 16, 3]
286	[3126, 3298]
8222	[30]
1798	[5]
2914	[572, 1614, 164, 2265]
14840	[68]
38880	[28, 18, 249]
41497	[13]
32614	[1]
36351	[113]
20764	[238, 442]
12779	[1, 3]
38809	[4]
3561	[553, 1136]
41095	[382, 22]
40387	[5]
29686	[48]
14537	[948]
4739	[21]
49835	[10]
2497	[1, 20, 12]
53828	[24]
56730	[1416]
19653	[9]
262757	[5]
47441	[496]
28138	[12, 6]
198290	[22]
29608	[38]
5392	[164]
5396	[27]
12859	[45]
6453	[3439, 33]
15435	[19]
202109	[574, 575]
5769	[3]
9304	[34]
37989	[5]
25227	[1204]
30844	[172]
5413	[6, 6]
1853	[947]
6667	[1834]
11039	[14]
53013	[1]
52888	[3870]
29636	[54]
6720	[5]
49605	[16]
8758	[12]
22652	[104]
34781	[51]
35054	[45]
48166	[61, 61]
8455	[21]
18106	[55]
8283	[3113]
6939	[96, 110, 97, 39, 110]
28220	[663]
6423	[16]
263623	[60]
51185	[4]
29140	[1130]
28329	[1511]
133165	[24]
513	[65]
13030	[44, 40, 72]
13237	[77, 116, 68]
6079	[104]
9002	[296, 298, 296]
22548	[40]
8218	[9, 10]
52752	[72]
6830	[3765, 2888, 3021, 3740]
50304	[50]
20932	[30]
4181	[2960]
262317	[2]
12637	[83]
10026	[10, 8]
8468	[36]
251	[1703]
25220	[3068]
3292	[2192]
59689	[11]
4826	[5]
24516	[30]
6762	[3489, 3303, 1233]
8596	[393]
46450	[17]
16735	[1637]
33843	[1]
34288	[69, 69]
34177	[10]
41695	[9]
20080	[2055]
15547	[89, 89, 89]
16347	[2]
4608	[7]
5650	[16]
1916	[52]
27446	[15]
47872	[4141]
2895	[3]
28571	[578]
51405	[266]
1103	[2343]
37271	[509]
25152	[26, 1069]
553	[5]
32354	[5]
14361	[20, 17]
62567	[1647]
54073	[38]
5645	[48]
9189	[10]
25091	[846, 495, 853]
7575	[798, 1722]
58511	[9, 9, 12]
264268	[39]
50300	[15]
15301	[97]
42541	[73]
29075	[1199]
28941	[100]
4589	[395, 46]
12350	[4]
50620	[21]
8928	[1282]
34019	[29]
28294	[423]
209	[16, 15, 18]
31122	[4]
52769	[2, 1]
25160	[4]
24482	[83, 100, 95, 1276, 83, 1730]
1280	[545]
263584	[1]
4777	[13]
13703	[41]
3549	[927]
7500	[13]
680	[1153]
57381	[5]
