8426	[510, 360]
204028	[0]
15605	[55]
20640	[301]
20912	[315]
28917	[10276]
41811	[1414]
49835	[922]
6720	[184]
262750	[104]
52863	[177]
48526	[0, 119]
8781	[53]
42541	[1723]
6082	[478]
12779	[31, 549, 507]
10102	[0]
11666	[63]
57821	[873]
1836	[0, 1854]
262612	[76]
29691	[0]
3257	[97, 111, 105, 105]
13004	[463]
63956	[0]
1299	[0, 0]
53070	[115]
393406	[2555]
38809	[519]
19151	[297, 330, 357]
286	[2060]
1798	[305]
2914	[2200, 1008, 1544, 0, 1528, 1532, 1084, 1214]
58621	[12]
59715	[0]
202194	[0]
38880	[564, 772]
59469	[0]
41497	[991]
20764	[425, 341]
14061	[1818, 1396]
29686	[1065]
4739	[953]
2497	[8, 562, 446, 504]
53828	[303]
56730	[1438]
19653	[275]
262757	[104]
200130	[1366]
33437	[961, 1000]
37100	[1317]
26162	[123, 123, 122, 123]
43100	[266]
20612	[0, 0]
198290	[1155]
29608	[21]
57463	[376]
20932	[33]
57118	[0]
5396	[445]
701	[588]
12859	[1377, 1579]
3277	[486]
6453	[1030]
15435	[287]
202109	[1040, 1068]
5769	[765]
9304	[859]
37989	[141]
53001	[128]
58308	[290]
30844	[537]
5413	[133, 504]
1853	[447]
6667	[2037, 2124, 2124]
11039	[941]
53364	[110]
52888	[478]
29636	[993]
196621	[0]
198249	[0]
8758	[1395, 0]
22652	[614]
58901	[0]
31122	[303, 498]
1239	[320]
3741	[609]
48166	[417]
8455	[617]
18106	[1318]
9002	[1521, 1840, 1528, 1850]
36236	[0]
6939	[766, 1166, 1146, 1015, 2029, 1172, 1058, 782, 1167, 2452, 1185, 1132]
51185	[367]
52720	[196]
29140	[1916]
30071	[691, 647]
28329	[132, 263]
133165	[222]
513	[251]
13030	[1804, 3694, 1225, 2120, 2109, 1823, 1550]
13237	[1285]
8283	[1897]
22548	[136]
8218	[1522, 0, 927]
6830	[1251, 1383, 1551, 1345]
40191	[1779]
31019	[1078, 742]
4181	[8250]
262317	[154]
7018	[3150]
10026	[445]
251	[1751]
25220	[1386]
59689	[1668]
4826	[533]
24516	[0, 0, 0, 0]
6762	[1539, 1749, 2291]
202032	[0, 819]
34224	[266]
8596	[444]
46450	[101]
16735	[1333]
35369	[376]
34288	[2398, 0, 2397, 0]
32614	[289]
41695	[896]
20080	[1577]
15547	[0, 1235, 1235, 555]
16347	[436]
6881	[369]
38726	[0, 0]
202018	[1157]
1916	[416]
47872	[1528, 1199]
28571	[632]
50763	[601]
51405	[182]
31424	[0]
2518	[0]
1103	[1765]
13703	[44]
2516	[562]
25152	[21, 468]
553	[295]
52610	[107]
32354	[314]
62567	[2594, 1973]
54073	[1567]
5645	[627]
9189	[344]
25091	[534, 0, 291, 528]
7575	[2062, 0, 1895]
58511	[1887, 263, 373, 1887]
42708	[402]
264268	[100]
50300	[573]
15301	[1400]
50304	[421]
29075	[547]
28941	[114]
50620	[452]
8928	[1819]
34019	[301]
28294	[200]
209	[1143, 1292, 1366]
14840	[436]
1273	[1319]
34781	[0, 2104]
52769	[128, 140]
25160	[523]
3356	[528, 532]
2857	[482]
24482	[1774, 1409, 1889, 0, 0, 1723, 2631, 1774]
262607	[214]
45896	[118]
1280	[370]
49463	[2149]
37271	[665]
34146	[0]
4589	[1433, 1866]
8763	[394]
680	[352]
57381	[218]
