8426	[503, 480]
204028	[0]
15605	[144]
20640	[497]
20912	[515]
28917	[10191]
41811	[1012]
49835	[878]
6720	[444]
262750	[304]
52863	[440]
48526	[0, 246]
8781	[51]
42541	[1234]
6082	[493]
12779	[29, 527, 522]
10102	[0]
11666	[71]
57821	[799]
1836	[0, 1803]
262612	[241]
29691	[0]
3257	[108, 125, 117, 121]
13004	[600]
63956	[0]
1299	[0, 0]
53070	[405]
393406	[1351]
38809	[500]
19151	[410, 431, 417]
286	[1240]
1798	[489]
2914	[1739, 767, 1073, 0, 1069, 845, 856, 1173]
59715	[0]
202194	[0]
38883	[0]
38880	[979, 960]
59469	[0]
41497	[1051]
20764	[482, 462]
14061	[1199, 1159]
29686	[900]
4739	[437]
2497	[67, 480, 464, 451]
53828	[476]
56730	[1166]
19653	[469]
262757	[284]
200130	[1037]
33437	[933, 951]
37100	[1089]
26162	[425, 421, 424, 415]
43100	[471]
20612	[0, 0]
198290	[932]
29608	[66]
57463	[464]
20932	[9]
57118	[0]
5396	[471]
701	[405]
12859	[1243, 1346]
3277	[427]
6453	[835]
15435	[481]
202109	[1043, 953]
5769	[406]
9304	[1168]
37989	[528]
53001	[431]
58308	[489]
30844	[552]
5413	[418, 495]
1853	[469]
6667	[2005, 2053, 2053]
11039	[761]
53364	[120]
52888	[896]
29636	[936]
196621	[0]
198249	[0]
8758	[295, 0]
22652	[934]
58901	[0]
31122	[480, 506]
1239	[300]
3741	[553]
48166	[496]
8455	[845]
18106	[986]
9002	[1694, 1582, 1560, 1686]
36236	[0]
6939	[937, 1201, 1006, 977, 2139, 1199, 1123, 948, 1194, 2064, 1163, 1164]
51185	[499]
52720	[776]
29140	[1879]
30071	[523, 483]
28329	[432, 872]
133165	[1050]
513	[480]
13030	[1381, 2520, 1117, 1477, 1362, 1262, 1263]
13237	[1715]
8283	[1517]
22548	[373]
8218	[1405, 0, 1019]
6830	[1010, 1333, 1285, 756]
40191	[1117]
31019	[925, 704]
4181	[4258]
262317	[404]
7018	[1220]
10026	[503]
251	[1245]
25220	[1158]
59689	[1111]
4826	[540]
24516	[0, 0, 0, 0]
6762	[1112, 1241, 1493]
202032	[0, 894]
34224	[492]
8596	[463]
46450	[154]
16735	[863]
35369	[637]
34288	[1800, 0, 1794, 0]
32614	[487]
41695	[992]
20080	[1138]
15547	[0, 945, 945, 555]
16347	[362]
6881	[482]
38726	[0, 0]
202018	[752]
1916	[884]
47872	[990, 943]
28571	[938]
50763	[508]
51405	[312]
31424	[0]
2518	[0]
1103	[1438]
13703	[3]
2516	[518]
25152	[69, 651]
553	[459]
52610	[421]
32354	[486]
62567	[1313, 1098]
54073	[1040]
5645	[799]
9189	[485]
25091	[503, 0, 281, 504]
7575	[557, 517, 0]
58511	[1869, 296, 367, 1869]
42708	[495]
264268	[390]
50300	[512]
15301	[1113]
50304	[484]
29075	[502]
28941	[449]
50620	[498]
8928	[1565]
34019	[466]
28294	[217]
209	[786, 774, 883]
14840	[880]
1273	[1065]
34781	[0, 1268]
52769	[390, 426]
25160	[651]
3356	[574, 567]
2857	[496]
24482	[1179, 1179, 1258, 0, 0, 1157, 1421, 1179]
262607	[473]
45896	[4]
1280	[523]
49463	[1379]
37271	[711]
34146	[0]
4589	[731, 996]
8763	[538]
680	[466]
57381	[466]
