8426	[251, 301]
204028	[0]
15605	[45]
20640	[298]
20912	[314]
28917	[3563]
41811	[1345]
49835	[845]
6720	[183]
262750	[103]
52863	[156]
48526	[0, 112]
8781	[53]
42541	[1589]
6082	[484]
12779	[31, 541, 515]
10102	[0]
11666	[40]
57821	[730]
1836	[0, 1767]
262612	[74]
29691	[0]
3257	[42, 47, 44, 46]
13004	[469]
63956	[0]
53070	[115]
393406	[2662]
38809	[534]
19151	[294, 326, 357]
286	[1806]
1798	[303]
2914	[1870, 740, 1147, 0, 1131, 1166, 913, 1178]
58621	[8]
59715	[0]
202194	[0]
38883	[0]
38880	[472, 717]
59469	[0]
41497	[999]
20764	[414, 334]
14061	[1627, 1230]
29686	[995]
4739	[1274]
2497	[6, 566, 445, 506]
53828	[293]
56730	[1629]
19653	[272]
262757	[104]
200130	[1138]
33437	[642, 671]
37100	[1214]
26162	[122, 122, 121, 122]
43100	[267]
20612	[0, 0]
198290	[1147]
29608	[34]
57463	[413]
20932	[58]
57118	[0]
5396	[442]
701	[139]
12859	[1486, 1624]
3277	[143]
6453	[957]
15435	[281]
202109	[1145, 1042]
5769	[445]
9304	[677]
37989	[116]
53001	[126]
58308	[293]
30844	[537]
5413	[133, 499]
1853	[449]
6667	[1830, 1999, 1999]
11039	[773]
53364	[52]
52888	[450]
29636	[984]
196621	[0]
198249	[0]
8758	[1736, 0]
22652	[614]
58901	[0]
31122	[296, 503]
1239	[112]
3741	[612]
48166	[366]
8455	[379]
18106	[878]
9002	[1322, 1653, 1458, 1699]
36236	[0]
6939	[569, 985, 851, 668, 1702, 978, 842, 662, 864, 1692, 852, 829]
51185	[391]
52720	[194]
29140	[1878]
30071	[705, 657]
28329	[130, 260]
133165	[228]
513	[269]
13030	[1490, 3120, 1083, 1660, 1672, 1483, 1278]
13237	[1063]
8283	[1775]
22548	[135]
8218	[1211, 0, 692]
6830	[1093, 1178, 1319, 1119]
40191	[1324]
31019	[1286, 754]
4181	[5483]
262317	[152]
7018	[2068]
10026	[439]
251	[1533]
25220	[1524]
59689	[1274]
4826	[277]
24516	[0, 0, 0, 0]
6762	[1328, 1707, 1934]
202032	[0, 693]
34224	[251]
8596	[445]
46450	[91]
16735	[1433]
35369	[387]
34288	[2295, 0, 2294, 0]
32614	[289]
41695	[890]
20080	[1409]
15547	[0, 1189, 1189, 505]
16347	[324]
6881	[383]
38726	[0, 0]
202018	[946]
1916	[350]
47872	[1603, 1289]
28571	[618]
50763	[412]
51405	[170]
31424	[0]
2518	[0]
1103	[1898]
13703	[29]
2516	[552]
25152	[37, 456]
553	[295]
52610	[108]
32354	[306]
62567	[2462, 1941]
54073	[1295]
5645	[696]
9189	[338]
25091	[603, 0, 326, 614]
7575	[1336, 0, 1175]
58511	[1877, 268, 413, 1877]
42708	[395]
264268	[100]
50300	[619]
15301	[1341]
50304	[240]
29075	[548]
28941	[110]
50620	[450]
8928	[1662]
34019	[301]
28294	[195]
209	[806, 806, 861]
14840	[430]
1273	[1217]
34781	[0, 1705]
52769	[128, 139]
25160	[490]
3356	[527, 531]
2857	[484]
24482	[1340, 1150, 1400, 0, 0, 1303, 2142, 1340]
262607	[206]
45896	[0]
1280	[486]
49463	[1825]
37271	[661]
34146	[0]
4589	[1355, 1696]
8763	[392]
680	[342]
57381	[105]
