8426	[2]
204028	[0]
15605	[7]
20912	[2776]
28917	[45088]
41811	[4247]
49835	[3523]
262757	[1405]
52863	[3620]
48526	[0, 1235]
8781	[178]
42541	[3784]
6082	[2274]
12779	[101, 1798, 1805]
10102	[0]
57821	[7891]
1836	[0, 7002]
262612	[548]
29691	[0]
20640	[1743]
13004	[2160]
63956	[0]
53070	[2083]
393406	[11663]
38809	[1991]
19151	[1820, 1902, 1866]
286	[9492]
1798	[2172]
2914	[7735, 0, 3934, 5030, 4954, 4832, 3855, 4751]
59715	[0]
202194	[0]
38880	[6557, 4351]
59469	[0]
41497	[4067]
20764	[2092, 2073]
14061	[5660, 5317]
29686	[8817]
4739	[2185]
2497	[222, 1957, 1868, 1847]
53828	[2341]
56730	[5624]
19653	[2210]
6720	[1714]
200130	[16943]
33437	[4655, 4810]
37100	[8535]
26162	[2]
198290	[2607]
50763	[1819]
57463	[1999]
20932	[4]
57118	[0]
701	[2994]
12859	[6675, 6468]
3277	[2048]
6453	[4682]
15435	[1775]
202109	[6080, 5872]
5769	[1949]
9304	[4835]
37989	[1764]
53001	[1893]
58308	[2413]
30844	[2140]
5413	[1453, 1601]
1853	[1939]
6667	[9349, 9348, 9348]
11039	[4702]
52888	[10780]
29636	[3945]
196621	[0]
8758	[2685, 0]
22652	[4062]
58901	[0]
31122	[1812, 1841]
3741	[1793]
48166	[2194]
8455	[8]
18106	[5484]
9002	[6037, 6102, 6082, 6095]
36236	[0]
6939	[5190, 4799, 8750, 5592, 4624, 5601, 5508, 4969, 5503, 9918, 5503, 4959]
51185	[1847]
29140	[10178]
30071	[2451, 2501]
28329	[1648, 3313]
133165	[9533]
513	[2658]
13030	[3999, 7731, 3839, 3753, 3798, 4063, 3908]
13237	[32]
8283	[12198]
20612	[0, 0]
6830	[18986, 24420, 23821, 19057]
40191	[1912]
31019	[2422, 1284]
4181	[36590]
262317	[1284]
7018	[11454]
10026	[1989]
251	[11263]
25220	[5150]
59689	[5844]
4826	[1826]
24516	[0, 0, 0, 0]
6762	[8894, 6942, 7722]
202032	[0, 4211]
34224	[1839]
8596	[1852]
46450	[9]
16735	[4963]
35369	[2223]
34288	[5250, 5250, 0, 0]
32614	[1823]
41695	[4152]
20080	[5754]
15547	[0, 5543, 5543, 3059]
6881	[1926]
38726	[0, 0]
202018	[11450]
1916	[9572]
47872	[10142, 10142]
28571	[9754]
51405	[1655]
31424	[0]
2518	[0]
1103	[9480]
2516	[1922]
25152	[4479, 2259]
553	[1811]
52610	[2]
32354	[1854]
62567	[17978, 16168]
54073	[5090]
5645	[3831]
9189	[2426]
25091	[2183, 0, 1212, 2191]
7575	[3954, 3774, 0]
58511	[1991, 1944, 2677, 1991]
42708	[2058]
50300	[2346]
15301	[5298]
50304	[2426]
29075	[2320]
28941	[1861]
50620	[2143]
8928	[9882]
34019	[2410]
28294	[1096]
14840	[8646]
1273	[12000]
34781	[2331]
25160	[1803]
3356	[2366, 2329]
2857	[1865]
24482	[10676, 11187, 14204, 0, 12664, 0, 19228, 11187]
45896	[0]
1280	[1945]
49463	[6290]
37271	[2426]
4589	[4720, 4982]
8763	[1853]
680	[2237]
57381	[1967]
