8426	[7, 325]
15605	[17]
20912	[742]
28917	[2878]
41811	[723]
49835	[759]
262757	[280]
52863	[553]
48526	[0, 127]
8781	[75]
58308	[435]
6082	[675]
12779	[23, 246, 246]
196621	[0]
57821	[1437]
1836	[0, 429]
262612	[191]
29691	[0]
20640	[390]
13004	[484]
63956	[0]
53070	[369]
393406	[3265]
38809	[426]
19151	[315, 547, 424]
286	[2843]
1798	[436]
2914	[1603, 0, 812, 1040, 1019, 1202, 802, 1065]
59715	[0]
202194	[0]
38880	[828, 613]
59469	[0]
41497	[466]
20764	[306, 310]
14061	[1303, 1048]
29686	[1521]
4739	[671]
2497	[3, 457, 439, 443]
53828	[434]
56730	[1715]
19653	[433]
6720	[393]
42541	[595]
33437	[557, 585]
37100	[1660]
198290	[581]
29608	[8]
20612	[0, 0]
20932	[24]
57118	[0]
701	[466]
12859	[1239, 1076]
3277	[288]
6453	[789]
15435	[428]
202109	[1014, 1035]
5769	[451]
9304	[929]
37989	[414]
53001	[86]
30844	[498]
5413	[410, 413]
1853	[434]
6667	[1814, 1821, 1821]
11039	[988]
52888	[2020]
29636	[589]
200130	[2726]
198249	[0]
8758	[1002, 0]
22652	[874]
31122	[431, 433]
1239	[10]
3741	[424]
48166	[446]
8455	[30]
18106	[869]
9002	[1008, 1273, 1263, 1270]
36236	[0]
6939	[578, 645, 775, 681, 1131, 767, 763, 633, 657, 1426, 653, 663]
51185	[427]
29140	[1635]
30071	[637, 603]
28329	[362, 720]
133165	[2339]
513	[759]
13030	[77, 162, 80, 90, 97, 75, 100]
13237	[90]
8283	[3335]
22548	[10]
57463	[478]
6830	[2921, 3894, 3642, 2942]
40191	[282]
31019	[993, 809]
4181	[11316]
262317	[334]
7018	[1302]
10026	[431]
251	[2402]
25220	[1353]
59689	[842]
4826	[428]
24516	[0, 0, 0, 0]
6762	[1636, 971, 1469]
202032	[0, 633]
34224	[420]
8596	[450]
46450	[22]
16735	[1742]
35369	[516]
34288	[592, 594, 0, 0]
32614	[365]
41695	[562]
20080	[1426]
15547	[0, 1243, 1243, 348]
16347	[23]
6881	[436]
38726	[0, 0]
202018	[1992]
1916	[2014]
47872	[4043, 4043]
28571	[1660]
50763	[301]
51405	[175]
31424	[0]
2518	[0]
1103	[2970]
13703	[4]
2516	[452]
25152	[8, 607]
553	[378]
32354	[438]
62567	[3485, 3151]
54073	[852]
5645	[932]
9189	[433]
25091	[461, 130, 0, 454]
7575	[790, 1047, 0]
58511	[186, 199, 395, 186]
42708	[418]
50300	[480]
15301	[1179]
50304	[328]
29075	[458]
28941	[349]
50620	[653]
8928	[1779]
34019	[421]
28294	[170]
14840	[1482]
1273	[2686]
34781	[85]
25160	[241]
3356	[445, 460]
2857	[387]
24482	[2026, 2153, 2843, 2517, 0, 0, 3549, 2153]
45896	[0]
1280	[437]
49463	[1236]
37271	[623]
4589	[586, 1056]
8763	[408]
680	[454]
57381	[241]
