8426	[82]
15605	[23]
20912	[1780]
28917	[13759]
41811	[2281]
49835	[2273]
6720	[1017]
52863	[1460]
48526	[0, 778]
8781	[134]
58308	[1428]
6082	[2109]
12779	[26, 856, 854]
10102	[0]
57821	[4295]
1836	[0, 960]
262612	[310]
29691	[0]
202018	[6369]
13004	[1480]
53070	[962]
393406	[9864]
14061	[3261, 4181]
19151	[1005, 1559, 861]
286	[9030]
1798	[1228]
2914	[5048, 3248, 3214, 3757, 2537, 2509, 3411]
59715	[0]
202194	[0]
38880	[2765, 1975]
41497	[1350]
20764	[755, 760]
38809	[1061]
29686	[4965]
4739	[1858]
2497	[0, 1357, 1327, 1453]
53828	[1229]
56730	[4493]
19653	[1463]
262757	[581]
42541	[1790]
33437	[1751, 1801]
37100	[5223]
198290	[1746]
29608	[6]
20612	[0, 0]
20932	[30]
57118	[0]
701	[1460]
12859	[3753, 3270]
3277	[1247]
6453	[2490]
15435	[1351]
202109	[3188, 3134]
5769	[1268]
9304	[2641]
37989	[1097]
53001	[142]
30844	[1464]
5413	[1089, 1087]
1853	[1284]
6667	[5758, 5754, 5754]
11039	[2914]
52888	[5909]
29636	[1737]
200130	[8620]
196621	[0]
198249	[0]
8758	[2058, 0]
22652	[2890]
31122	[1207, 1377]
3741	[1230]
48166	[1326]
8455	[32]
18106	[2473]
9002	[3007, 3811, 3818, 3844]
36236	[0]
6939	[1794, 2016, 3650, 2459, 2195, 2075, 2439, 2430, 2085, 2135, 4430, 2123]
51185	[1244]
29140	[4957]
30071	[1619, 1702]
28329	[939, 1882]
133165	[7837]
513	[2342]
13030	[60, 114, 64, 76, 74, 65, 85]
13237	[52]
8283	[10720]
22548	[21]
57463	[1575]
6830	[9180, 12061, 11177, 9281]
40191	[689]
31019	[1239, 985]
4181	[35451]
262317	[640]
7018	[3986]
10026	[1313]
251	[7689]
25220	[4136]
59689	[2538]
4826	[1228]
6762	[3253, 4905, 5375]
202032	[2063]
34224	[1241]
8596	[1333]
46450	[20]
16735	[6300]
35369	[1381]
34288	[1475, 1479]
32614	[990]
41695	[1805]
20080	[4492]
15547	[0, 3781, 3781, 2012]
16347	[4]
6881	[1234]
38726	[0]
20640	[1052]
1916	[6121]
47872	[12986, 12985]
28571	[4586]
50763	[1091]
51405	[939]
2518	[0]
1103	[9437]
2516	[1318]
25152	[0, 1733]
553	[1039]
32354	[1292]
62567	[10592, 9604]
54073	[2922]
5645	[2819]
9189	[1253]
25091	[1353, 684, 1367]
7575	[2250, 2894]
58511	[470, 458, 952, 470]
42708	[1236]
50300	[907]
15301	[4049]
50304	[1415]
29075	[1475]
28941	[1019]
50620	[2148]
8928	[5373]
34019	[1228]
28294	[588]
14840	[4560]
1273	[8468]
34781	[68]
25160	[86]
3356	[1354, 1329]
2857	[1112]
24482	[6318, 6572, 8829, 0, 7824, 0, 10066, 6572]
45896	[0]
1280	[1270]
49463	[4010]
37271	[1650]
4589	[1425, 3314]
8763	[924]
680	[1048]
57381	[1143]
