8426	[212]
15605	[8]
20912	[2297]
28917	[3800]
41811	[814]
49835	[2738]
6720	[1086]
52863	[1192]
48526	[0, 799]
8781	[156]
42541	[2383]
6082	[1257]
12779	[74, 1262, 1268]
10102	[0]
11666	[6]
57821	[5121]
1836	[0, 4874]
262612	[4]
29691	[0]
3257	[7, 11, 8, 9]
13004	[1372]
63956	[0]
53070	[1709]
393406	[7862]
38809	[1813]
19151	[1663, 1757, 1691]
286	[5515]
1798	[1742]
2914	[6623, 3754, 4003, 0, 3952, 3444, 3309, 3972]
58621	[4]
59715	[0]
202194	[0]
38880	[117, 5]
59469	[0]
41497	[1270]
20764	[1705, 1664]
14061	[3957, 3560]
29686	[1917]
4739	[11]
2497	[190, 1056, 1202, 1117]
53828	[1675]
56730	[3137]
19653	[1075]
262757	[1259]
200130	[7047]
33437	[8, 8]
37100	[4223]
20612	[0, 0]
198290	[2577]
50763	[4]
57463	[1291]
20932	[4]
57118	[0]
701	[1122]
12859	[5547, 5099]
3277	[1431]
6453	[1799]
15435	[1236]
202109	[3656, 3661]
5769	[1529]
9304	[4253]
37989	[855]
53001	[638]
58308	[1426]
30844	[1185]
5413	[878, 959]
1853	[1080]
6667	[4856, 4869, 4869]
11039	[1243]
53364	[10]
52888	[5684]
29636	[2328]
196621	[0]
198249	[0]
8758	[3401, 0]
22652	[3382]
58901	[0]
31122	[999, 1028]
1239	[5]
3741	[1613]
48166	[1643]
8455	[7]
18106	[3462]
9002	[1371, 2059, 2057, 2057]
202018	[6257]
36236	[0]
6939	[4, 8, 6, 4, 6, 8, 6, 6, 4, 4, 4, 8]
51185	[5]
29140	[4156]
28329	[1659, 3401]
133165	[2596]
513	[2500]
13030	[46, 88, 42, 44, 43, 35, 45]
13237	[46]
8283	[6421]
8218	[7, 8]
6830	[32, 31, 33, 30]
40191	[1312]
31019	[1230, 987]
4181	[23496]
262317	[1340]
7018	[6690]
10026	[1302]
251	[4299]
25220	[6791]
59689	[1723]
4826	[1063]
6762	[2502, 3817, 2809]
202032	[6]
34224	[1644]
8596	[1733]
46450	[9]
16735	[5054]
35369	[1288]
34288	[2586, 2584, 0, 0]
32614	[1130]
41695	[4]
20080	[3947]
15547	[0, 1224, 1224, 681]
16347	[4]
6881	[1703]
38726	[0]
20640	[1651]
1916	[4858]
47872	[5883, 5883]
28571	[6178]
51405	[1218]
31424	[0]
2518	[0]
1103	[5873]
13703	[4]
2516	[1156]
25152	[4512, 1900]
553	[1650]
32354	[1278]
62567	[7314, 7312]
54073	[3233]
5645	[3025]
9189	[1631]
25091	[1711, 1024, 0, 1707]
7575	[4886, 5901, 0]
58511	[504, 546, 636, 504]
42708	[1035]
50300	[1831]
15301	[2041]
50304	[1563]
29075	[1978]
28941	[1456]
50620	[1255]
8928	[4871]
34019	[1666]
28294	[1258]
209	[9, 17, 9]
14840	[1564]
1273	[2736]
34781	[39]
25160	[1272]
3356	[1635, 1618]
2857	[1682]
24482	[6903, 7299, 9198, 0, 8265, 0, 7300, 11426]
45896	[0]
1280	[1988]
49463	[1320]
37271	[2145]
4589	[2674, 4348]
8763	[1098]
680	[1926]
57381	[1600]
