8426	[202]
15605	[7]
20912	[2270]
28917	[3736]
41811	[809]
49835	[2737]
6720	[1078]
52863	[1182]
48526	[0, 811]
8781	[168]
42541	[2338]
6082	[1239]
12779	[74, 1243, 1248]
10102	[0]
11666	[6]
57821	[5047]
1836	[0, 4827]
262612	[4]
29691	[0]
3257	[6, 11, 7, 9]
13004	[1374]
63956	[0]
53070	[1685]
393406	[7864]
38809	[1801]
19151	[1642, 1738, 1656]
286	[5420]
1798	[1719]
2914	[6513, 3742, 3987, 0, 3958, 3394, 3258, 3946]
58621	[4]
59715	[0]
202194	[0]
2857	[1663]
59469	[0]
41497	[1241]
20764	[1680, 1645]
14061	[3931, 3514]
29686	[1913]
4739	[11]
2497	[201, 1043, 1194, 1118]
53828	[1654]
56730	[3089]
19653	[1072]
262757	[1256]
200130	[7016]
33437	[8, 8]
37100	[4135]
26162	[2]
20612	[0, 0]
198290	[2537]
50763	[4]
57463	[1279]
20932	[5]
57118	[0]
701	[1102]
12859	[5499, 5051]
3277	[1386]
6453	[1789]
15435	[1216]
202109	[3617, 3619]
5769	[1507]
9304	[4213]
37989	[833]
53001	[660]
58308	[1404]
30844	[1168]
5413	[896, 976]
1853	[1068]
6667	[4792, 4794, 4794]
11039	[1226]
53364	[7]
52888	[5650]
29636	[2292]
196621	[0]
198249	[0]
8758	[3352, 0]
22652	[3350]
58901	[0]
31122	[1005, 1026]
1239	[5]
3741	[1588]
48166	[1620]
8455	[8]
52720	[4]
9002	[1363, 2043, 2041, 2040]
202018	[6264]
36236	[0]
6939	[6, 8, 4, 4, 6, 8, 8, 4, 4, 4, 4, 8]
51185	[4]
18106	[3384]
29140	[4105]
28329	[1627, 3383]
133165	[2682]
513	[2476]
13030	[38, 74, 35, 40, 39, 29, 41]
13237	[40]
8283	[6317]
22548	[2]
8218	[9, 7]
6830	[27, 29, 30, 33]
40191	[1292]
31019	[1215, 962]
4181	[23290]
262317	[1414]
7018	[6664]
10026	[1278]
251	[4233]
25220	[6686]
59689	[1708]
4826	[1061]
6762	[2488, 3754, 2785]
202032	[4]
34224	[1629]
8596	[1710]
46450	[11]
16735	[4948]
35369	[1256]
34288	[2554, 2554, 0, 0]
32614	[1117]
41695	[4]
20080	[3917]
15547	[0, 1209, 1209, 683]
16347	[7]
6881	[1677]
38726	[0]
20640	[1623]
1916	[4824]
47872	[5830, 5830]
28571	[6134]
51405	[1188]
31424	[0]
2518	[0]
1103	[5756]
37271	[2114]
2516	[1138]
25152	[4486, 1869]
553	[1624]
52610	[2]
32354	[1260]
62567	[7256, 7254]
54073	[3173]
5645	[2982]
9189	[1602]
25091	[1701, 1021, 0, 1694]
7575	[4818, 5822, 0]
58511	[527, 547, 637, 527]
42708	[1023]
264268	[2]
50300	[1818]
15301	[2018]
50304	[1557]
29075	[1951]
28941	[1442]
50620	[1233]
8928	[4822]
34019	[1659]
28294	[1243]
209	[9, 17, 9]
14840	[1584]
1273	[2690]
34781	[38]
52769	[2, 2]
25160	[1244]
3356	[1619, 1598]
38880	[148, 6]
24482	[6899, 7298, 9076, 0, 8195, 0, 7299, 11411]
262607	[2]
45896	[0]
1280	[1960]
49463	[1300]
13703	[4]
4589	[2636, 4329]
8763	[1089]
680	[1899]
57381	[1601]
