8426	[242]
15605	[7]
20912	[2244]
28917	[3681]
41811	[802]
49835	[2704]
6720	[1063]
52863	[1180]
48526	[0, 785]
8781	[169]
42541	[2315]
6082	[1249]
12779	[72, 1237, 1245]
10102	[0]
11666	[6]
57821	[5051]
1836	[0, 4808]
262612	[4]
29691	[0]
3257	[6, 11, 7, 9]
13004	[1369]
63956	[0]
53070	[1686]
393406	[7763]
38809	[1776]
19151	[1632, 1720, 1665]
286	[5362]
1798	[1720]
2914	[6493, 3716, 3903, 0, 3856, 3365, 3245, 3915]
58621	[4]
59715	[0]
202194	[0]
2857	[1642]
59469	[0]
41497	[1241]
20764	[1661, 1622]
14061	[3909, 3498]
29686	[1890]
4739	[11]
2497	[211, 1027, 1179, 1101]
53828	[1643]
56730	[3068]
19653	[1066]
262757	[1275]
200130	[6952]
33437	[8, 8]
37100	[4145]
26162	[2]
20612	[0, 0]
198290	[2521]
50763	[4]
57463	[1277]
20932	[5]
57118	[0]
701	[1090]
12859	[5429, 4989]
3277	[1397]
6453	[1739]
15435	[1215]
202109	[3585, 3586]
5769	[1502]
9304	[4202]
37989	[833]
53001	[664]
58308	[1390]
30844	[1158]
5413	[873, 962]
1853	[1056]
6667	[4773, 4784, 4784]
11039	[1212]
53364	[7]
52888	[5628]
29636	[2278]
196621	[0]
198249	[0]
8758	[3337, 0]
22652	[3354]
58901	[0]
31122	[990, 1014]
1239	[5]
3741	[1571]
48166	[1595]
8455	[7]
52720	[4]
9002	[1354, 2030, 2029, 2025]
202018	[6169]
36236	[0]
6939	[8, 8, 6, 4, 10, 12, 8, 4, 6, 6, 6, 8]
51185	[4]
18106	[3321]
29140	[4072]
28329	[1620, 3329]
133165	[2643]
513	[2445]
13030	[36, 72, 34, 39, 39, 33, 41]
13237	[40]
8283	[6256]
22548	[2]
8218	[8, 8]
6830	[31, 33, 34, 36]
40191	[1295]
31019	[1203, 950]
4181	[23059]
262317	[1338]
7018	[6498]
10026	[1278]
251	[4230]
25220	[6623]
59689	[1700]
4826	[1047]
6762	[2471, 3758, 2779]
202032	[4]
34224	[1621]
8596	[1703]
46450	[11]
16735	[4943]
35369	[1262]
34288	[2545, 2544, 0, 0]
32614	[1096]
41695	[4]
20080	[3898]
15547	[0, 1199, 1199, 676]
16347	[5]
6881	[1669]
38726	[0]
20640	[1615]
1916	[4782]
47872	[5820, 5820]
28571	[6108]
51405	[1188]
31424	[0]
2518	[0]
1103	[5688]
37271	[2099]
2516	[1124]
25152	[4442, 1863]
553	[1608]
52610	[2]
32354	[1255]
62567	[7178, 7175]
54073	[3169]
5645	[2944]
9189	[1607]
25091	[1693, 1030, 0, 1695]
7575	[4829, 5845, 0]
58511	[520, 543, 615, 520]
42708	[1014]
264268	[2]
50300	[1816]
15301	[2005]
50304	[1550]
29075	[1933]
28941	[1439]
50620	[1237]
8928	[4769]
34019	[1655]
28294	[1192]
209	[9, 17, 9]
14840	[1574]
1273	[2684]
34781	[37]
52769	[2, 2]
25160	[1252]
3356	[1590, 1569]
38880	[154, 7]
24482	[6861, 7246, 9056, 0, 8170, 0, 7246, 11257]
262607	[2]
45896	[0]
1280	[1947]
49463	[1294]
13703	[4]
4589	[2631, 4266]
8763	[1086]
680	[1903]
57381	[1590]
