8426	[230, 218]
204028	[0]
15605	[111]
20640	[217]
20912	[279]
28917	[1928]
41811	[319]
49835	[401]
6720	[236]
262750	[146]
52863	[201]
48526	[0, 151]
8781	[24]
42541	[529]
6082	[154]
12779	[12, 152, 158]
10102	[0]
11666	[147]
57821	[427]
1836	[0, 911]
262612	[131]
29691	[0]
3257	[86, 138, 144, 130]
13004	[249]
63956	[0]
1299	[0, 0]
53070	[182]
393406	[1369]
38809	[201]
19151	[163, 172, 164]
286	[849]
1798	[240]
2914	[346, 177, 306, 0, 306, 254, 170, 297]
58621	[61]
59715	[0]
202194	[0]
38883	[0]
2857	[186]
59469	[0]
41497	[398]
20764	[216, 223]
14061	[756, 518]
29686	[496]
4739	[339]
2497	[118, 241, 241, 230]
53828	[186]
56730	[715]
19653	[159]
262757	[191]
200130	[868]
33437	[254, 256]
37100	[571]
26162	[137, 138, 138, 138]
43100	[148]
20612	[0, 0]
198290	[460]
29608	[165]
57463	[155]
20932	[143]
57118	[0]
5396	[148]
701	[215]
12859	[774, 797]
3277	[219]
6453	[230]
15435	[148]
197264	[0]
202109	[402, 392]
5769	[193]
9304	[539]
37989	[53]
53001	[264]
58308	[232]
22652	[376]
5413	[245, 185]
1853	[198]
6667	[724, 651, 651]
11039	[286]
53364	[168]
52888	[630]
29636	[329]
196621	[0]
198249	[0]
8758	[662, 0]
30844	[169]
58901	[0]
31122	[164, 158]
1239	[180]
3741	[207]
48166	[190]
8455	[185]
18106	[354]
9002	[449, 535, 432, 513]
36236	[0]
6939	[186, 270, 314, 247, 330, 262, 256, 194, 154, 624, 318, 310]
51185	[150]
52720	[272]
29140	[771]
30071	[157, 160]
28329	[204, 405]
133165	[330]
513	[406]
13030	[596, 1186, 554, 715, 699, 805, 596]
13237	[528]
8283	[615]
22548	[198]
8218	[437, 0, 317]
6830	[468, 593, 592, 540]
40191	[683]
31019	[926, 625]
4181	[2787]
262317	[300]
7018	[452]
10026	[230]
251	[512]
25220	[868]
59689	[580]
4826	[149]
24516	[0, 0, 0, 0]
6762	[416, 470, 483]
202032	[0, 232]
34224	[189]
8596	[219]
46450	[101]
16735	[543]
35369	[214]
34288	[1121, 0, 1122, 0]
32614	[247]
41695	[154]
20080	[477]
15547	[0, 570, 570, 357]
16347	[145]
6881	[213]
38726	[0, 0]
202018	[611]
1916	[442]
47872	[806, 720]
28571	[770]
50763	[154]
51405	[223]
31424	[0]
2518	[0]
1103	[917]
13703	[98]
2516	[241]
25152	[437, 288]
553	[198]
52610	[138]
32354	[153]
62567	[1218, 1037]
54073	[573]
5645	[336]
9189	[227]
25091	[160, 0, 98, 164]
7575	[624, 500, 0]
58511	[1690, 188, 221, 1690]
42708	[185]
264268	[135]
50300	[251]
15301	[581]
50304	[221]
29075	[185]
28941	[153]
50620	[155]
8928	[910]
34019	[244]
28294	[121]
209	[504, 458, 500]
14840	[560]
1273	[599]
34781	[0, 613]
52769	[166, 186]
25160	[150]
3356	[204, 201]
38880	[207, 211]
24482	[531, 447, 574, 0, 0, 530, 932, 531]
262607	[243]
45896	[0]
1280	[233]
49463	[712]
37271	[273]
34146	[0]
4589	[552, 672]
8763	[276]
680	[165]
57381	[209]
