8426	[214, 194]
15605	[153]
20912	[515]
28917	[711]
41811	[189]
49835	[556]
6720	[280]
52863	[218]
48526	[197]
8781	[34]
42541	[404]
6082	[213]
12779	[11, 220, 225]
11666	[23]
57821	[844]
1836	[1040]
262612	[22]
3257	[97, 128, 116, 141]
13004	[274]
53070	[330]
393406	[1328]
38809	[359]
19151	[290, 311, 297]
286	[962]
1798	[378]
2914	[1035, 607, 646, 635, 581, 513, 644]
58621	[20]
14840	[650]
38880	[276, 42]
41497	[328]
20764	[333, 345]
14061	[694, 630]
29686	[336]
4739	[347]
2497	[184, 272, 270, 262]
53828	[242]
56730	[686]
19653	[206]
262757	[288]
200130	[1197]
33437	[50, 50]
37100	[784]
8928	[1059]
198290	[471]
29608	[160]
57463	[212]
20932	[161]
12637	[698]
701	[194]
12859	[938, 863]
3277	[301]
6453	[317]
15435	[212]
202109	[662, 662]
5769	[289]
9304	[691]
37989	[184]
53001	[307]
58308	[298]
22652	[662]
5413	[291, 405]
1853	[245]
6667	[913, 900, 900]
11039	[265]
53364	[118]
52888	[1044]
29636	[450]
8758	[759]
30844	[228]
31122	[227, 218]
1239	[257]
3741	[284]
48166	[329]
8455	[17]
18106	[715]
9002	[254, 337, 334, 336]
202018	[1065]
6939	[50, 36, 70, 46, 52, 42, 112, 46, 38, 54, 50, 56]
51185	[30]
29140	[765]
30071	[24, 22]
28329	[268, 586]
133165	[885]
513	[665]
13030	[502, 526, 1006, 590, 540, 549, 477]
13237	[567]
8283	[998]
22548	[206]
8218	[110, 96]
6830	[386, 410, 420, 397]
40191	[660]
31019	[361, 218]
4181	[3819]
262317	[328]
7018	[1060]
10026	[321]
251	[680]
25220	[1058]
59689	[399]
4826	[190]
6762	[608, 408, 483]
202032	[40]
34224	[334]
8596	[373]
46450	[60]
16735	[846]
35369	[318]
34288	[913, 922]
32614	[311]
41695	[38]
20080	[642]
15547	[310, 310, 203]
16347	[221]
6881	[348]
20640	[268]
1916	[818]
47872	[984, 984]
28571	[1098]
50763	[28]
51405	[238]
1103	[983]
13703	[20]
2516	[239]
25152	[900, 361]
553	[338]
32354	[210]
62567	[1243, 1241]
54073	[604]
5645	[524]
9189	[311]
25091	[287, 169, 283]
7575	[780, 953]
58511	[255, 259, 290, 255]
42708	[247]
50300	[325]
15301	[446]
50304	[318]
29075	[321]
28941	[264]
50620	[214]
2500	[878]
34019	[347]
28294	[202]
209	[416, 484, 487]
1273	[541]
34781	[539]
25160	[207]
3356	[273, 267]
2857	[335]
7660	[243]
24482	[1567, 1417, 1152, 1197, 1874, 1197]
1280	[349]
49463	[439]
37271	[313]
4589	[648, 840]
8763	[294]
680	[302]
57381	[347]
