204028	[0]
15605	[2164]
20912	[1796]
28917	[51192]
41811	[3241]
49835	[4073]
262757	[613]
52863	[1581]
48526	[0, 1491]
8781	[245]
42541	[4682]
6082	[1832]
12779	[91, 1704, 1714]
10102	[0]
57821	[7388]
1836	[0, 3956]
262612	[216]
29691	[0]
20640	[962]
13004	[2716]
63956	[0]
53070	[960]
393406	[8565]
38809	[2828]
19151	[2726, 2903, 2770]
286	[11697]
1798	[2154]
2914	[7886, 0, 6480, 8654, 8563, 6693, 3941, 7880]
59715	[0]
202194	[0]
38880	[3022, 4373]
59469	[0]
41497	[4026]
20764	[2655, 2630]
14061	[10415, 10299]
29686	[7656]
4739	[6]
2497	[54, 2778, 2700, 2507]
53828	[2599]
56730	[4801]
19653	[2771]
6720	[2773]
200130	[6655]
33437	[3688, 3847]
37100	[8130]
26162	[2]
8928	[12107]
198290	[3558]
50763	[2317]
57463	[2354]
20932	[4]
57118	[0]
12637	[7379]
701	[2626]
12859	[7338, 7395]
3277	[2202]
6453	[5415]
15435	[2071]
202109	[3885, 4024]
5769	[2652]
9304	[3357]
37989	[2165]
53001	[1214]
58308	[1828]
30844	[2157]
5413	[2374, 2446]
1853	[2832]
6667	[11756, 11713, 11713]
11039	[3700]
52888	[8362]
29636	[3611]
196621	[0]
198249	[0]
8758	[5141, 0]
22652	[5316]
58901	[0]
31122	[1863, 1862]
3741	[1833]
48166	[2776]
8455	[8]
18106	[9220]
9002	[7042, 7045, 7070, 7052]
36236	[0]
6939	[4960, 6929, 5612, 3540, 5612, 5437, 5374, 4081, 8396, 4057, 4119, 3962]
51185	[2123]
29140	[14393]
30071	[2225, 2224]
28329	[923, 1874]
133165	[4889]
513	[6153]
13030	[35, 76, 38, 42, 40, 36, 37]
13237	[30]
8283	[9075]
20612	[0, 0]
6830	[9293, 8982, 11384, 12140]
40191	[2564]
31019	[2059, 1277]
4181	[51363]
262317	[520]
7018	[23852]
10026	[17]
251	[7113]
25220	[4057]
59689	[4384]
4826	[1860]
24516	[0, 0, 0, 0]
6762	[6968, 5589, 6437]
202032	[0, 4251]
34224	[2085]
8596	[2780]
46450	[8]
16735	[3502]
35369	[2712]
34288	[4858, 0, 4852, 0]
32614	[2497]
41695	[3245]
20080	[3987]
15547	[0, 4489, 4489, 2570]
6881	[2129]
38726	[0, 0]
202018	[5600]
1916	[7120]
47872	[6555, 6555]
28571	[3436]
51405	[1225]
31424	[0]
2518	[0]
1103	[7591]
2516	[2881]
25152	[4043, 2811]
553	[2671]
52610	[2]
32354	[1875]
62567	[8064, 6002]
54073	[4120]
5645	[2892]
9189	[2140]
25091	[2808, 0, 1639, 2790]
7575	[5905, 4793, 0]
58511	[97, 119, 206, 97]
42708	[2748]
50300	[2980]
15301	[6598]
50304	[2784]
29075	[2858]
28941	[2337]
50620	[1861]
2500	[9460]
34019	[1916]
28294	[333]
14840	[10742]
1273	[7943]
34781	[47]
25160	[1739]
3356	[2500, 2536]
2857	[2506]
7660	[2804]
24482	[7527, 7991, 15546, 0, 8958, 0, 20310, 7991]
45896	[0]
1280	[2862]
49463	[3785]
37271	[2799]
34146	[0]
4589	[6455, 7410]
8763	[1457]
680	[2594]
57381	[2791]
