8426	[197, 192]
204028	[0]
15605	[227]
20640	[245]
20912	[332]
28917	[4576]
41811	[669]
49835	[593]
6720	[243]
262750	[156]
52863	[235]
48526	[0, 181]
8781	[93]
42541	[940]
6082	[369]
12779	[252, 258]
10102	[0]
11666	[80]
57821	[583]
1836	[0, 1357]
262612	[136]
29691	[0]
3257	[43, 87, 86, 88]
13004	[318]
63956	[0]
1299	[0, 0]
53070	[160]
393406	[2211]
38809	[217]
19151	[156, 292, 184]
286	[1379]
1798	[244]
2914	[810, 417, 696, 0, 651, 609, 389, 725]
58621	[24]
59715	[0]
202194	[0]
38883	[0]
38880	[274, 541]
59469	[0]
41497	[274]
20764	[251, 257]
14061	[985, 866]
29686	[968]
4739	[158]
2497	[12, 269, 269, 253]
53828	[261]
56730	[954]
19653	[248]
262757	[145]
200130	[1348]
33437	[496, 563]
37100	[782]
26162	[222, 218, 219, 217]
43100	[219]
20612	[0, 0]
8928	[1194]
198290	[819]
29608	[72]
57463	[276]
20932	[70]
57118	[0]
5396	[247]
701	[316]
12859	[971, 920]
3277	[214]
6453	[667]
15435	[251]
197264	[0]
202109	[674, 656]
5769	[243]
9304	[584]
37989	[133]
53001	[231]
58308	[243]
30844	[269]
5413	[202, 255]
1853	[244]
6667	[1368, 1346, 1346]
11039	[731]
53364	[116]
52888	[540]
29636	[596]
196621	[0]
198249	[0]
8758	[774, 0]
22652	[488]
58901	[0]
31122	[253, 251]
1239	[70]
3741	[284]
48166	[253]
8455	[404]
18106	[332]
9002	[1032, 1109, 1101, 996]
36236	[0]
6939	[449, 636, 767, 543, 1051, 648, 586, 463, 704, 1506, 723, 707]
51185	[231]
52720	[314]
29140	[1517]
30071	[334, 341]
28329	[216, 434]
133165	[305]
513	[379]
13030	[1068, 2076, 967, 1232, 1077, 1155, 1055]
13237	[828]
8283	[1048]
22548	[106]
8218	[786, 0, 634]
6830	[997, 1538, 1540, 1010]
40191	[844]
31019	[997, 631]
4181	[4445]
262317	[226]
7018	[768]
10026	[270]
251	[1262]
25220	[1126]
59689	[1071]
4826	[247]
24516	[0, 0, 0, 0]
6762	[1218, 1530, 1657]
202032	[0, 515]
34224	[233]
8596	[249]
46450	[47]
16735	[944]
35369	[318]
34288	[1352, 0, 1343, 0]
32614	[242]
41695	[405]
20080	[995]
15547	[0, 866, 866, 624]
16347	[69]
6881	[263]
38726	[0, 0]
12637	[1205]
202018	[1106]
1916	[494]
47872	[1005, 958]
28571	[646]
50763	[257]
51405	[292]
31424	[0]
2518	[0]
1103	[1547]
13703	[34]
2516	[269]
25152	[30, 350]
553	[258]
52610	[197]
32354	[256]
62567	[2129, 1751]
54073	[831]
5645	[522]
9189	[241]
25091	[263, 180, 256, 0]
7575	[1041, 0, 1016]
58511	[1780, 100, 163, 1780]
42708	[255]
264268	[151]
50300	[287]
15301	[835]
50304	[245]
29075	[277]
28941	[206]
50620	[350]
2500	[774]
34019	[256]
28294	[66]
209	[262, 262, 264]
14840	[542]
1273	[1038]
34781	[0, 703]
52769	[204, 247]
25160	[335]
3356	[269, 268]
2857	[248]
7660	[241]
24482	[685, 1014, 0, 0, 1004, 1010, 1384, 1010]
262607	[409]
45896	[0]
1280	[262]
49463	[1358]
37271	[351]
34146	[0]
4589	[736, 894]
8763	[295]
680	[256]
57381	[190]
