8426	[186, 191]
204028	[0]
15605	[91]
20640	[188]
20912	[325]
28917	[2400]
41811	[427]
49835	[392]
262757	[121]
52863	[258]
48526	[0, 64]
8781	[12]
42541	[501]
6082	[233]
12779	[16, 174, 175]
10102	[0]
11666	[167]
57821	[532]
1836	[0, 713]
262612	[101]
29691	[0]
3257	[86, 143, 140, 145]
13004	[256]
63956	[0]
1299	[0, 0]
53070	[193]
393406	[1412]
38809	[167]
19151	[191, 180, 179]
286	[936]
1798	[237]
2914	[564, 281, 442, 0, 442, 411, 278, 386]
58621	[44]
59715	[0]
202194	[0]
38883	[0]
2857	[174]
59469	[0]
41497	[223]
20764	[158, 156]
14061	[447, 387]
29686	[584]
4739	[351]
2497	[42, 196, 180, 171]
53828	[244]
56730	[854]
19653	[183]
6720	[205]
200130	[1116]
33437	[292, 296]
37100	[883]
43100	[150]
20612	[0, 0]
198290	[485]
29608	[97]
57463	[166]
20932	[100]
57118	[0]
5396	[152]
701	[152]
12859	[516, 470]
3277	[193]
6453	[413]
15435	[180]
197264	[0]
202109	[701, 664]
5769	[191]
9304	[598]
37989	[76]
53001	[121]
58308	[200]
22652	[348]
5413	[177, 164]
1853	[172]
6667	[1015, 1001, 1001]
11039	[493]
53364	[178]
52888	[1028]
29636	[365]
196621	[0]
198249	[0]
8758	[661, 0]
30844	[194]
58901	[0]
31122	[172, 165]
1239	[178]
3741	[222]
48166	[183]
8455	[191]
18106	[456]
9002	[422, 528, 515, 483]
36236	[0]
6939	[310, 611, 421, 385, 309, 416, 384, 353, 374, 790, 382, 383]
51185	[154]
29140	[604]
30071	[206, 221]
28329	[167, 325]
133165	[616]
513	[378]
13030	[641, 1482, 782, 1003, 926, 955, 817]
13237	[832]
8283	[807]
22548	[154]
8218	[421, 0, 364]
6830	[985, 1280, 1165, 1049]
40191	[656]
31019	[999, 676]
4181	[3713]
262317	[218]
7018	[538]
10026	[223]
251	[824]
25220	[784]
59689	[585]
4826	[154]
24516	[0, 0, 0, 0]
6762	[779, 772, 522]
202032	[0, 343]
34224	[188]
8596	[176]
46450	[51]
16735	[696]
35369	[260]
34288	[576, 0, 569, 0]
32614	[195]
41695	[281]
20080	[612]
15547	[0, 665, 665, 249]
16347	[128]
6881	[191]
38726	[0, 0]
12637	[749]
202018	[956]
1916	[892]
47872	[1090, 1090]
28571	[1158]
50763	[185]
51405	[137]
31424	[0]
2518	[0]
1103	[1158]
37271	[250]
2516	[179]
25152	[182, 262]
553	[187]
32354	[180]
62567	[1354, 1256]
54073	[481]
5645	[511]
9189	[187]
25091	[168, 0, 63, 159]
7575	[390, 409, 0]
58511	[172, 249, 1724, 1724]
42708	[181]
50300	[199]
15301	[622]
50304	[167]
29075	[186]
28941	[155]
50620	[257]
8928	[1070]
34019	[191]
28294	[145]
209	[216, 186, 224]
14840	[856]
1273	[926]
34781	[0, 709]
25160	[203]
3356	[160, 163]
38880	[378, 347]
7660	[181]
24482	[800, 840, 0, 898, 0, 778, 1184, 800]
45896	[0]
1280	[173]
49463	[785]
13703	[65]
34146	[0]
4589	[540, 564]
8763	[242]
680	[179]
57381	[140]
