8426	[126]
204028	[0]
15605	[2282]
20640	[1664]
20912	[3145]
28917	[44393]
41811	[4405]
49835	[5314]
262757	[1061]
52863	[1575]
48526	[0, 1530]
8781	[174]
42541	[1142]
6082	[2104]
12779	[58, 704, 711]
10102	[0]
11666	[85]
57821	[5275]
1836	[0, 2947]
262612	[163]
29691	[0]
3257	[105, 119, 112, 132]
13004	[2827]
63956	[0]
1299	[0, 0]
53070	[1581]
393406	[14880]
38809	[2775]
19151	[2892, 2741, 2806]
286	[5638]
1798	[2250]
2914	[11330, 5674, 7922, 0, 7835, 7847, 5669, 7749]
59715	[0]
202194	[0]
38883	[0]
2857	[1248]
59469	[0]
41497	[5255]
20764	[1278, 1255]
14061	[5384, 5144]
29686	[9617]
4739	[380]
2497	[0, 455, 373, 262]
53828	[2129]
56730	[5821]
19653	[2828]
6720	[215]
200130	[12549]
33437	[8237, 8608]
37100	[2148]
26162	[4]
20612	[0, 0]
198290	[2640]
50763	[2816]
57463	[1609]
20932	[17]
57118	[0]
701	[181]
12859	[5996, 5989]
3277	[332]
6453	[3819]
15435	[1524]
197264	[0]
202109	[7020, 6915]
5769	[27]
9304	[7976]
37989	[400]
53001	[306]
58308	[1902]
30844	[2782]
5413	[339, 342]
1853	[698]
6667	[1298, 1303, 1303]
11039	[6028]
53364	[124]
52888	[7128]
29636	[2491]
196621	[0]
198249	[0]
8758	[1944, 0]
22652	[1198]
58901	[0]
31122	[2844, 2269]
1239	[170]
3741	[2171]
48166	[212]
8455	[49]
52720	[8]
9002	[4931, 4860, 4841, 4911]
36236	[0]
6939	[4868, 9592, 7598, 4919, 7736, 5581, 6109, 2992, 14686, 7156, 10638, 14203]
51185	[2293]
18106	[5189]
29140	[6101]
30071	[1516, 1674]
28329	[1536, 3080]
133165	[12655]
513	[5]
13030	[9187, 19018, 8371, 8364, 8226, 10447, 7140]
13237	[197]
8283	[5995]
22548	[200]
8218	[145, 0, 116]
6830	[9004, 1457, 7974, 4760]
40191	[5015]
31019	[1552, 1222]
4181	[14724]
262317	[308]
7018	[5500]
10026	[2463]
251	[339]
25220	[4861]
59689	[7521]
4826	[2279]
24516	[0, 0, 0, 0]
6762	[1892, 1696, 2985]
202032	[0, 5631]
34224	[2255]
8596	[2802]
46450	[96]
16735	[6600]
35369	[2302]
34288	[6302, 6291, 0, 0]
32614	[184]
41695	[4408]
20080	[2985]
15547	[0, 6646, 6646, 3523]
16347	[905]
6881	[2266]
38726	[0, 0]
202018	[11012]
1916	[5942]
47872	[4208, 4208]
28571	[5420]
51405	[2357]
31424	[0]
2518	[0]
1103	[8000]
37271	[2514]
2516	[2937]
25152	[8296, 2812]
553	[217]
52610	[2]
32354	[2324]
62567	[17010, 14662]
54073	[8306]
5645	[9099]
9189	[2248]
25091	[2270, 0, 973, 2233]
7575	[314, 418, 0]
58511	[141, 384, 113, 113]
42708	[628]
264268	[4]
50300	[2590]
15301	[7422]
50304	[2289]
29075	[2220]
28941	[573]
50620	[2432]
8928	[11105]
34019	[2248]
28294	[485]
209	[6308, 6304, 6512]
14840	[8138]
1273	[1333]
34781	[0, 5389]
52769	[4, 4]
25160	[1731]
3356	[2322, 2355]
38880	[8599, 5828]
24482	[4186, 12487, 0, 4692, 0, 4023, 9021, 4186]
262607	[4]
45896	[0]
1280	[2857]
49463	[3441]
13703	[6]
29608	[97]
34146	[0]
4589	[203, 203]
8763	[2800]
680	[2372]
57381	[163]
