8426	[159]
204028	[0]
15605	[2285]
20640	[1676]
20912	[3074]
28917	[39805]
41811	[4138]
49835	[5281]
262757	[1106]
262750	[2]
52863	[1573]
48526	[0, 1561]
8781	[168]
42541	[1003]
6082	[2123]
12779	[43, 777, 795]
10102	[0]
11666	[27]
57821	[4705]
1836	[0, 639]
262612	[157]
29691	[0]
3257	[97, 103, 26, 100]
13004	[2782]
63956	[0]
1299	[0, 0]
53070	[1577]
393406	[16322]
38809	[2797]
19151	[2893, 2745, 2802]
286	[6120]
1798	[2263]
2914	[12038, 5681, 7918, 0, 7830, 8207, 6009, 9271]
59715	[0]
202194	[0]
38883	[0]
2857	[1261]
59469	[0]
41497	[1604]
20764	[1254, 1247]
14061	[6364, 5550]
29686	[8584]
4739	[607]
2497	[98, 1869, 1684, 1617]
53828	[2140]
56730	[5252]
19653	[2841]
6720	[180]
200130	[12484]
33437	[9662, 10114]
37100	[3063]
26162	[2]
20612	[0, 0]
198290	[2685]
50763	[2853]
57463	[1564]
20932	[48]
57118	[0]
701	[2390]
12859	[6048, 6044]
3277	[2061]
6453	[3889]
15435	[1524]
202109	[7609, 7579]
5769	[1349]
9304	[8205]
37989	[488]
53001	[393]
58308	[1912]
30844	[2806]
5413	[212, 214]
1853	[593]
6667	[1263, 1278, 1278]
11039	[7390]
53364	[19]
52888	[7190]
29636	[2682]
196621	[0]
198249	[0]
8758	[2000, 0]
22652	[1240]
58901	[0]
31122	[2850, 2289]
1239	[98]
3741	[2176]
48166	[2806]
8455	[76]
52720	[4]
9002	[10642, 10875, 10866, 10950]
36236	[0]
6939	[4835, 9035, 7140, 4955, 7237, 5368, 5618, 2974, 14869, 6251, 10796, 14954]
51185	[2321]
18106	[5411]
29140	[6615]
30071	[1607, 2034]
28329	[1533, 3075]
133165	[12775]
513	[235]
13030	[9254, 19359, 8652, 8515, 8449, 10594, 7200]
13237	[230]
8283	[7148]
22548	[186]
8218	[135, 0, 118]
6830	[3470, 1241, 20424, 4351]
40191	[4729]
31019	[1568, 1198]
4181	[11356]
262317	[288]
7018	[7066]
10026	[2472]
251	[239]
25220	[4312]
59689	[7216]
4826	[2284]
24516	[0, 0, 0, 0]
6762	[425, 1264, 1906]
202032	[0, 5247]
34224	[2266]
8596	[2790]
46450	[26]
16735	[5882]
35369	[2810]
34288	[2428, 0, 2421, 0]
32614	[153]
41695	[4143]
20080	[2965]
15547	[0, 6261, 6261, 3318]
16347	[905]
6881	[2176]
38726	[0, 0]
202018	[10818]
1916	[5900]
47872	[3951, 3951]
28571	[5420]
51405	[2184]
31424	[0]
2518	[0]
1103	[9888]
37271	[2738]
2516	[2940]
25152	[7268, 2811]
553	[172]
52610	[2]
32354	[2335]
62567	[17781, 15386]
54073	[8447]
5645	[9227]
9189	[2273]
25091	[2237, 0, 1058, 2228]
7575	[435, 623, 0]
58511	[123, 413, 109, 109]
42708	[572]
264268	[2]
50300	[2623]
15301	[7310]
50304	[543]
29075	[2328]
28941	[550]
50620	[2449]
8928	[11917]
34019	[2255]
28294	[477]
209	[52, 0, 4673]
14840	[1428]
1273	[1855]
34781	[0, 5474]
52769	[2, 2]
25160	[1652]
3356	[2282, 2315]
38880	[8907, 5288]
24482	[3704, 12327, 0, 4260, 0, 3625, 8594, 3705]
262607	[2]
45896	[0]
1280	[2846]
49463	[2994]
13703	[4]
29608	[89]
34146	[0]
4589	[208, 207]
8763	[2801]
680	[2380]
57381	[258]
