8426	[376]
204028	[0]
15605	[1845]
20640	[852]
20912	[2548]
28917	[36769]
41811	[2805]
49835	[4671]
6720	[214]
262750	[2]
52863	[940]
48526	[0, 809]
8781	[166]
42541	[1066]
6082	[2015]
12779	[111, 1707, 1724]
10102	[0]
11666	[19]
57821	[3410]
1836	[0, 113]
262612	[95]
29691	[0]
3257	[92, 91, 30, 92]
13004	[2766]
63956	[0]
1299	[0, 0]
53070	[952]
393406	[7114]
38809	[2794]
19151	[2898, 2747, 2802]
286	[5357]
1798	[1824]
2914	[10698, 4793, 8868, 0, 8764, 7779, 5348, 9869]
59715	[0]
202194	[0]
2857	[1413]
59469	[0]
41497	[1792]
20764	[1608, 1595]
14061	[9286, 8125]
29686	[6550]
4739	[2055]
2497	[154, 2013, 1973, 1624]
53828	[1889]
56730	[4085]
19653	[1440]
262757	[1077]
200130	[6265]
33437	[6759, 7004]
37100	[3579]
26162	[2]
20612	[0, 0]
198290	[2864]
50763	[1446]
57463	[2631]
20932	[58]
57118	[0]
701	[2543]
12859	[3872, 3856]
3277	[1650]
6453	[4285]
15435	[2631]
202109	[3038, 3077]
5769	[1605]
9304	[5152]
37989	[1456]
53001	[566]
58308	[2067]
30844	[1426]
5413	[290, 291]
1853	[648]
6667	[1334, 1340, 1340]
11039	[8321]
53364	[24]
52888	[6434]
29636	[3408]
196621	[0]
198249	[0]
8758	[1763, 0]
22652	[554]
58901	[0]
31122	[1433, 1828]
1239	[80]
3741	[1855]
48166	[2794]
8455	[66]
52720	[4]
9002	[9929, 10645, 10649, 10763]
36236	[0]
6939	[4004, 5619, 4903, 2913, 4919, 4468, 4032, 2885, 6824, 2955, 6083, 9056]
51185	[1838]
18106	[5615]
29140	[12008]
30071	[2447, 1390]
28329	[917, 1838]
133165	[7061]
513	[2438]
13030	[6379, 13963, 5997, 6141, 6097, 7756, 5054]
13237	[248]
8283	[6104]
22548	[48]
8218	[151, 0, 153]
6830	[3262, 1172, 12037, 3500]
40191	[4919]
31019	[1745, 1223]
4181	[10626]
262317	[196]
7018	[10342]
10026	[2039]
251	[286]
25220	[3097]
59689	[5489]
4826	[1839]
24516	[0, 0, 0, 0]
6762	[1017, 1078, 2875]
202032	[0, 3344]
34224	[1830]
8596	[2784]
46450	[24]
16735	[8128]
35369	[2797]
34288	[2728, 0, 2717, 0]
32614	[212]
41695	[2806]
20080	[2866]
15547	[0, 4220, 4220, 2260]
16347	[1065]
6881	[1844]
38726	[0, 0]
202018	[5320]
1916	[5610]
47872	[2844, 2844]
28571	[3176]
51405	[1596]
31424	[0]
2518	[0]
1103	[9926]
37271	[2739]
2516	[2907]
25152	[4709, 2687]
553	[216]
52610	[2]
32354	[1847]
62567	[8789, 7260]
54073	[3535]
5645	[7201]
9189	[1832]
25091	[2213, 0, 936, 2215]
7575	[1468, 2118, 0]
58511	[26, 83, 35, 35]
42708	[608]
264268	[2]
50300	[1404]
15301	[4101]
50304	[293]
29075	[2463]
28941	[586]
50620	[1428]
8928	[10805]
34019	[1846]
28294	[282]
209	[189, 150, 2817]
14840	[2694]
1273	[1611]
34781	[0, 4877]
52769	[2, 2]
25160	[1397]
3356	[2295, 2330]
38880	[5737, 3901]
24482	[3294, 10282, 0, 3329, 0, 3135, 4215, 3294]
262607	[2]
45896	[0]
1280	[2840]
49463	[3712]
13703	[6]
29608	[82]
34146	[0]
4589	[217, 223]
8763	[2795]
680	[2397]
57381	[170]
