8426	[159]
204028	[0]
15605	[2288]
20640	[1676]
20912	[3078]
28917	[40727]
41811	[4145]
49835	[5281]
262757	[1106]
262750	[2]
52863	[1573]
48526	[0, 1553]
8781	[168]
42541	[1003]
6082	[2123]
12779	[43, 777, 795]
10102	[0]
11666	[27]
57821	[4750]
1836	[0, 653]
262612	[157]
29691	[0]
3257	[97, 103, 26, 100]
13004	[2781]
63956	[0]
1299	[0, 0]
53070	[1577]
393406	[16326]
38809	[2797]
19151	[2893, 2745, 2802]
286	[6120]
1798	[2263]
2914	[12038, 5681, 7918, 0, 7830, 8208, 6009, 9271]
59715	[0]
202194	[0]
38883	[0]
2857	[1273]
59469	[0]
41497	[1626]
20764	[1254, 1247]
14061	[6364, 5550]
29686	[8634]
4739	[607]
2497	[98, 1869, 1683, 1617]
53828	[2140]
56730	[5310]
19653	[2843]
6720	[180]
200130	[12505]
33437	[9647, 10103]
37100	[3063]
26162	[2]
20612	[0, 0]
198290	[2687]
50763	[2853]
57463	[1573]
20932	[42]
57118	[0]
701	[2390]
12859	[6051, 6047]
3277	[2059]
6453	[3889]
15435	[1528]
202109	[7614, 7569]
5769	[1349]
9304	[8201]
37989	[488]
53001	[393]
58308	[1912]
30844	[2806]
5413	[212, 214]
1853	[594]
6667	[1266, 1280, 1280]
11039	[7410]
53364	[19]
52888	[7188]
29636	[2682]
196621	[0]
198249	[0]
8758	[2007, 0]
22652	[1248]
58901	[0]
31122	[2849, 2290]
1239	[96]
3741	[2174]
48166	[2806]
8455	[76]
52720	[4]
9002	[10643, 10876, 10867, 10951]
36236	[0]
6939	[4872, 9065, 7207, 4958, 7299, 5435, 5651, 2973, 14876, 6249, 10827, 14983]
51185	[2325]
18106	[5411]
29140	[6619]
30071	[1610, 2021]
28329	[1533, 3075]
133165	[12782]
513	[235]
13030	[9267, 19349, 8645, 8529, 8457, 10599, 7198]
13237	[226]
8283	[7148]
22548	[186]
8218	[132, 0, 115]
6830	[3470, 1241, 20424, 4351]
40191	[4728]
31019	[1569, 1197]
4181	[11355]
262317	[288]
7018	[7066]
10026	[2467]
251	[239]
25220	[4330]
59689	[7218]
4826	[2284]
24516	[0, 0, 0, 0]
6762	[425, 1264, 1920]
202032	[0, 5265]
34224	[2272]
8596	[2790]
46450	[26]
16735	[5882]
35369	[2810]
34288	[2427, 0, 2420, 0]
32614	[153]
41695	[4147]
20080	[2966]
15547	[0, 6296, 6296, 3343]
16347	[908]
6881	[2170]
38726	[0, 0]
202018	[10823]
1916	[5900]
47872	[3950, 3950]
28571	[5420]
51405	[2185]
31424	[0]
2518	[0]
1103	[9886]
37271	[2736]
2516	[2940]
25152	[7267, 2810]
553	[172]
52610	[2]
32354	[2336]
62567	[17784, 15398]
54073	[8438]
5645	[9211]
9189	[2273]
25091	[2236, 0, 1058, 2228]
7575	[435, 624, 0]
58511	[123, 413, 109, 109]
42708	[572]
264268	[2]
50300	[2624]
15301	[7302]
50304	[553]
29075	[2332]
28941	[550]
50620	[2450]
8928	[11919]
34019	[2255]
28294	[477]
209	[52, 0, 4677]
14840	[1428]
1273	[1854]
34781	[0, 5474]
52769	[2, 2]
25160	[1668]
3356	[2282, 2315]
38880	[8908, 5332]
24482	[3704, 12323, 0, 4254, 0, 3625, 8615, 3705]
262607	[2]
45896	[0]
1280	[2846]
49463	[2994]
13703	[4]
29608	[89]
34146	[0]
4589	[208, 207]
8763	[2801]
680	[2380]
57381	[274]
