8426	[209]
204028	[0]
15605	[2279]
20640	[1665]
20912	[2913]
28917	[44212]
41811	[3418]
49835	[5356]
262757	[1081]
52863	[1575]
48526	[0, 1530]
8781	[168]
42541	[330]
6082	[2157]
12779	[84, 1085, 1093]
10102	[0]
11666	[36]
57821	[4043]
1836	[0, 459]
262612	[151]
29691	[0]
3257	[32, 73, 49, 33]
13004	[2869]
63956	[0]
1299	[0, 0]
53070	[1583]
393406	[15428]
38809	[2781]
19151	[2872, 2745, 2801]
286	[4148]
1798	[2249]
2914	[8292, 5578, 6944, 0, 6862, 7159, 4148, 9180]
59715	[0]
202194	[0]
2857	[1416]
59469	[0]
41497	[1843]
20764	[1516, 1501]
14061	[5206, 4099]
29686	[8137]
4739	[641]
2497	[42, 1748, 1631, 1389]
53828	[2125]
56730	[4830]
19653	[2823]
6720	[63]
200130	[12189]
33437	[8775, 9109]
37100	[2927]
26162	[2]
20612	[0, 0]
198290	[2646]
50763	[331]
57463	[1380]
20932	[35]
57118	[0]
701	[2530]
12859	[5880, 5877]
3277	[2072]
6453	[3989]
15435	[1524]
197264	[0]
202109	[7375, 7433]
5769	[1754]
9304	[8042]
37989	[515]
53001	[348]
58308	[2006]
30844	[2779]
5413	[8, 10]
1853	[170]
6667	[1080, 1078, 1078]
11039	[7977]
53364	[40]
52888	[7096]
29636	[2528]
196621	[0]
198249	[0]
8758	[2056, 0]
22652	[998]
58901	[0]
31122	[2843, 2266]
1239	[145]
3741	[2172]
48166	[2806]
8455	[19]
52720	[4]
9002	[9670, 10515, 10539, 10564]
36236	[0]
6939	[4757, 7598, 6357, 4850, 6490, 5334, 4813, 2903, 14718, 4850, 10647, 14565]
51185	[2294]
18106	[4297]
29140	[4277]
30071	[1720, 2142]
28329	[1535, 3078]
133165	[13662]
513	[134]
13030	[9069, 19080, 8419, 8295, 8224, 10525, 7068]
13237	[107]
8283	[6989]
22548	[198]
8218	[74, 0, 54]
6830	[2464, 1098, 12850, 2941]
40191	[4710]
31019	[1699, 1240]
4181	[9518]
262317	[288]
7018	[5794]
10026	[2538]
251	[61]
25220	[3586]
59689	[7248]
4826	[2279]
24516	[0, 0, 0, 0]
6762	[204, 330, 1953]
202032	[0, 4552]
34224	[2256]
8596	[2797]
46450	[62]
16735	[5901]
35369	[2804]
34288	[2603, 0, 2595, 0]
32614	[20]
41695	[3421]
20080	[2900]
15547	[0, 5391, 5391, 2965]
16347	[994]
6881	[2252]
38726	[0, 0]
202018	[11793]
1916	[5778]
47872	[2824, 2824]
28571	[5412]
51405	[1546]
31424	[0]
2518	[0]
1103	[11021]
2516	[2922]
25152	[6131, 2810]
553	[42]
52610	[2]
32354	[2321]
62567	[16664, 14314]
54073	[8362]
5645	[9001]
9189	[2247]
25091	[2258, 0, 976, 2222]
7575	[498, 672, 0]
58511	[142, 404, 117, 117]
42708	[172]
264268	[2]
50300	[2478]
15301	[7461]
50304	[466]
29075	[2384]
28941	[534]
50620	[2799]
8928	[9602]
34019	[2246]
28294	[483]
209	[51, 3, 4651]
14840	[954]
1273	[1171]
34781	[0, 5413]
52769	[2, 2]
25160	[1749]
3356	[2320, 2353]
38880	[8712, 4563]
24482	[2260, 7737, 0, 2298, 0, 2147, 3291, 2260]
262607	[2]
45896	[0]
1280	[2863]
49463	[3016]
37271	[2735]
29608	[34]
34146	[0]
4589	[39, 44]
8763	[2799]
680	[2419]
57381	[90]
