8426	[9, 60]
204028	[0]
15605	[2135]
20640	[120]
20912	[2709]
28917	[38271]
41811	[3163]
49835	[1700]
262757	[828]
52863	[1548]
48526	[0, 1389]
8781	[54]
42541	[36]
6082	[2054]
12779	[43, 894, 911]
10102	[0]
11666	[28]
57821	[3640]
1836	[0, 468]
262612	[147]
29691	[0]
3257	[15, 31, 19, 17]
13004	[2228]
63956	[0]
1299	[0, 0]
53070	[125]
393406	[4758]
38809	[2753]
19151	[1067, 1176, 1055]
286	[1290]
1798	[2118]
2914	[2579, 1737, 2454, 0, 2453, 2427, 1294, 2484]
58621	[1]
59715	[0]
202194	[0]
38883	[0]
2857	[146]
59469	[0]
41497	[1355]
20764	[1270, 1263]
14061	[1294, 1278]
29686	[575]
4739	[229]
2497	[14, 243, 225, 193]
53828	[162]
56730	[4193]
19653	[2657]
6720	[41]
200130	[3830]
33437	[1173, 1180]
37100	[477]
20612	[0, 0]
198290	[329]
50763	[104]
57463	[204]
20932	[9]
57118	[0]
701	[508]
12859	[1490, 1490]
3277	[853]
6453	[538]
15435	[1427]
197264	[0]
202109	[3459, 3155]
5769	[1979]
9304	[3698]
37989	[110]
53001	[58]
58308	[1927]
30844	[2627]
5413	[10, 13]
1853	[18]
6667	[92, 93, 93]
11039	[586]
53364	[12]
52888	[6748]
29636	[312]
196621	[0]
198249	[0]
8758	[1726, 0]
22652	[1052]
58901	[0]
31122	[2664, 2190]
1239	[21]
3741	[2028]
48166	[2806]
8455	[10]
18106	[1645]
9002	[5730, 6386, 6374, 6421]
36236	[0]
6939	[4440, 7116, 6209, 4655, 6332, 4899, 4416, 2723, 9701, 5876, 6396, 5320]
51185	[2171]
29140	[519]
30071	[371, 267]
28329	[1509, 3029]
133165	[5261]
513	[171]
13030	[5134, 10688, 4173, 4175, 4153, 6508, 3326]
13237	[16]
8283	[1372]
22548	[20]
8218	[19, 0, 17]
6830	[189, 545, 1013, 1139]
40191	[3123]
31019	[2543, 1313]
4181	[1471]
262317	[268]
7018	[1118]
10026	[2264]
251	[5446]
25220	[3231]
59689	[4058]
4826	[2141]
24516	[0, 0, 0, 0]
6762	[26, 35, 314]
202032	[0, 4370]
34224	[2122]
8596	[1049]
46450	[17]
16735	[785]
35369	[2794]
34288	[441, 0, 431, 0]
32614	[7]
41695	[3169]
20080	[2716]
15547	[0, 5388, 5388, 2866]
16347	[122]
6881	[175]
38726	[0, 0]
202018	[3729]
1916	[5404]
47872	[1132, 1132]
28571	[5334]
51405	[1387]
31424	[0]
2518	[0]
1103	[2267]
37271	[1743]
2516	[2904]
25152	[1037, 2752]
553	[15]
32354	[2181]
62567	[7072, 4782]
54073	[7172]
5645	[6017]
9189	[2124]
25091	[1122, 0, 678, 1115]
7575	[128, 210, 0]
58511	[113, 393, 96, 96]
42708	[24]
50300	[2415]
15301	[7021]
50304	[391]
29075	[1759]
28941	[224]
50620	[2632]
8928	[1922]
34019	[2110]
28294	[479]
209	[10, 1, 228]
14840	[184]
1273	[1181]
34781	[0, 3222]
25160	[1402]
3356	[1160, 1159]
38880	[3470, 4132]
24482	[1665, 2366, 0, 1661, 0, 1611, 1597, 1665]
45896	[0]
1280	[1073]
49463	[2766]
13703	[9]
29608	[3]
34146	[0]
4589	[9, 14]
8763	[1082]
680	[1084]
57381	[25]
