8426	[114]
204028	[0]
15605	[2294]
20640	[1664]
20912	[3368]
28917	[46082]
41811	[7437]
49835	[5580]
262757	[1065]
52863	[1635]
48526	[0, 1557]
8781	[242]
42541	[3897]
6082	[2730]
12779	[56, 717, 726]
10102	[0]
11666	[30]
57821	[7894]
1836	[0, 3642]
262612	[217]
29691	[0]
3257	[39, 41, 34, 41]
13004	[2641]
63956	[0]
1299	[0, 0]
53070	[1901]
393406	[18909]
38809	[2758]
19151	[982, 578, 581]
286	[9614]
1798	[2255]
2914	[12823, 6658, 7598, 0, 7497, 7212, 6411, 9229]
59715	[0]
202194	[0]
38883	[0]
2857	[1401]
59469	[0]
41497	[5396]
20764	[1353, 1327]
14061	[11700, 6844]
29686	[11961]
4739	[460]
2497	[12, 2931, 2788, 2776]
53828	[2136]
56730	[9482]
19653	[2847]
6720	[2740]
200130	[12474]
33437	[7800, 8140]
37100	[7050]
26162	[4]
20612	[0, 0]
198290	[1885]
29608	[3]
57463	[2600]
20932	[5]
57118	[0]
701	[726]
12859	[7148, 7123]
3277	[2632]
6453	[3824]
15435	[1515]
197264	[0]
202109	[7527, 6670]
5769	[2068]
9304	[6159]
37989	[1629]
53001	[289]
58308	[1938]
30844	[2793]
5413	[2285, 2300]
1853	[2852]
6667	[4941, 4971, 4971]
11039	[8572]
53364	[26]
52888	[8822]
29636	[1100]
196621	[0]
198249	[0]
8758	[2134, 0]
22652	[1828]
58901	[0]
31122	[2847, 2303]
1239	[68]
3741	[2153]
48166	[2762]
8455	[6]
52720	[8]
9002	[10432, 11289, 11312, 11360]
36236	[0]
6939	[8498, 15945, 10124, 8376, 10155, 10085, 8608, 9139, 17341, 9654, 9694, 8643]
51185	[2297]
18106	[4952]
29140	[16233]
30071	[3689, 2983]
28329	[1533, 3074]
133165	[12065]
513	[9798]
13030	[2910, 6132, 2911, 3127, 3145, 2903, 2911]
13237	[73]
8283	[5196]
22548	[154]
8218	[14, 0, 11]
6830	[18426, 18116, 19587, 20033]
40191	[5073]
31019	[1540, 1228]
4181	[40627]
262317	[426]
7018	[21624]
10026	[2447]
251	[5783]
25220	[6761]
59689	[7778]
4826	[2265]
24516	[0, 0, 0, 0]
6762	[8240, 7341, 12253]
202032	[0, 7748]
34224	[2253]
8596	[2763]
46450	[27]
16735	[10700]
35369	[2304]
34288	[6423, 6414, 0, 0]
32614	[2468]
41695	[7485]
20080	[9685]
15547	[0, 8459, 8459, 4574]
16347	[1017]
6881	[2087]
38726	[0, 0]
202018	[9681]
1916	[15356]
47872	[6875, 6875]
28571	[5970]
50763	[3131]
51405	[2121]
31424	[0]
2518	[0]
1103	[11163]
37271	[2797]
2516	[2943]
25152	[6728, 2812]
553	[2520]
52610	[2]
32354	[2362]
62567	[20172, 16937]
54073	[8625]
5645	[7930]
9189	[2254]
25091	[2705, 0, 1608, 2679]
7575	[358, 467, 0]
58511	[100, 159, 433, 100]
42708	[2801]
264268	[4]
50300	[3157]
15301	[7210]
50304	[2280]
29075	[2217]
28941	[2294]
50620	[3088]
8928	[13906]
34019	[2248]
28294	[973]
209	[6472, 6453, 6571]
14840	[8698]
1273	[11533]
34781	[0, 4484]
52769	[4, 4]
25160	[2115]
3356	[2680, 2720]
38880	[8998, 7772]
24482	[4813, 12666, 0, 5435, 0, 4598, 11432, 4813]
262607	[4]
45896	[0]
1280	[2768]
49463	[3449]
13703	[4]
4589	[7560, 8470]
8763	[599]
680	[2751]
57381	[1620]
