8426	[301]
204028	[0]
15605	[2038]
20640	[1220]
20912	[3014]
28917	[38850]
41811	[3550]
49835	[4989]
262757	[1045]
262750	[2]
52863	[1114]
48526	[0, 1463]
8781	[177]
42541	[1337]
6082	[1891]
12779	[119, 1511, 1533]
10102	[0]
11666	[106]
57821	[4173]
1836	[0, 2935]
262612	[116]
29691	[0]
3257	[124, 136, 131, 156]
13004	[2852]
63956	[0]
1299	[0, 0]
53070	[1118]
393406	[10346]
38809	[2804]
19151	[2898, 2741, 2801]
286	[6101]
1798	[2010]
2914	[12157, 5254, 8373, 0, 8277, 8301, 6084, 8164]
59715	[0]
202194	[0]
2857	[1091]
59469	[0]
41497	[4694]
20764	[1404, 1380]
14061	[7410, 7302]
29686	[8023]
4739	[1036]
2497	[0, 530, 436, 297]
53828	[1988]
56730	[4749]
19653	[2137]
6720	[238]
200130	[8525]
33437	[8503, 8786]
37100	[2153]
26162	[4]
20612	[0, 0]
198290	[2662]
50763	[2169]
57463	[2068]
20932	[28]
57118	[0]
701	[282]
12859	[5015, 5011]
3277	[275]
6453	[4097]
15435	[2038]
202109	[4851, 4881]
5769	[45]
9304	[6043]
37989	[945]
53001	[511]
58308	[1431]
30844	[2106]
5413	[411, 414]
1853	[807]
6667	[1305, 1310, 1310]
11039	[7992]
53364	[131]
52888	[6804]
29636	[3165]
196621	[0]
198249	[0]
8758	[1399, 0]
22652	[558]
58901	[0]
31122	[2150, 1812]
1239	[197]
3741	[2052]
48166	[274]
8455	[67]
52720	[8]
9002	[4782, 4717, 4685, 4765]
36236	[0]
6939	[4300, 7325, 5975, 3404, 6010, 4834, 4986, 2965, 9780, 4861, 7807, 10621]
51185	[2039]
18106	[6359]
29140	[10058]
30071	[1932, 1532]
28329	[1085, 2178]
133165	[9860]
513	[1135]
13030	[7882, 16163, 7135, 7433, 7239, 8904, 6215]
13237	[281]
8283	[5446]
22548	[139]
8218	[159, 0, 145]
6830	[7380, 1351, 5997, 4187]
40191	[5061]
31019	[1516, 1158]
4181	[15002]
262317	[226]
7018	[5868]
10026	[2227]
251	[448]
25220	[3912]
59689	[6154]
4826	[2042]
24516	[0, 0, 0, 0]
6762	[1712, 1578, 2813]
202032	[0, 4350]
34224	[2019]
8596	[2794]
46450	[91]
16735	[7424]
35369	[2039]
34288	[5116, 0, 5107, 0]
32614	[244]
41695	[3553]
20080	[2944]
15547	[0, 5118, 5118, 3337]
16347	[800]
6881	[2039]
38726	[0, 0]
202018	[7844]
1916	[5802]
47872	[3490, 3490]
28571	[4036]
51405	[2099]
31424	[0]
2518	[0]
1103	[7582]
37271	[2669]
2516	[2908]
25152	[6132, 2751]
553	[236]
52610	[2]
32354	[2064]
62567	[11685, 9974]
54073	[5356]
5645	[8045]
9189	[2025]
25091	[2214, 0, 960, 2215]
7575	[1147, 1433, 0]
58511	[78, 213, 59, 59]
42708	[734]
264268	[4]
50300	[2079]
15301	[5382]
50304	[2041]
29075	[2701]
28941	[593]
50620	[1932]
8928	[11903]
34019	[2045]
28294	[276]
209	[4578, 4527, 4715]
14840	[6544]
1273	[1314]
34781	[0, 5462]
52769	[4, 4]
25160	[1152]
3356	[2313, 2346]
38880	[6825, 4788]
24482	[3234, 12241, 0, 3426, 0, 3066, 4622, 3234]
262607	[4]
45896	[0]
1280	[2851]
49463	[3380]
13703	[6]
29608	[124]
34146	[0]
4589	[261, 261]
8763	[2798]
680	[2401]
57381	[170]
