8426	[187, 196]
204028	[0]
15605	[174]
20640	[232]
20912	[337]
28917	[5284]
41811	[600]
49835	[569]
6720	[257]
262750	[122]
52863	[309]
48526	[0, 218]
8781	[3]
42541	[779]
6082	[273]
12779	[219, 228]
10102	[0]
11666	[69]
57821	[692]
1836	[0, 809]
262612	[127]
29691	[0]
3257	[56, 76, 84, 78]
13004	[292]
63956	[0]
1299	[0, 0]
53070	[193]
393406	[1586]
38809	[230]
19151	[218, 234, 214]
286	[1189]
1798	[220]
2914	[764, 394, 484, 0, 486, 435, 381, 461]
58621	[17]
59715	[0]
202194	[0]
38883	[0]
2857	[212]
59469	[0]
41497	[592]
20764	[229, 233]
14061	[924, 826]
29686	[963]
4739	[298]
2497	[72, 225, 224, 225]
53828	[213]
56730	[979]
19653	[216]
262757	[155]
200130	[920]
33437	[495, 490]
37100	[845]
26162	[163, 166, 161, 162]
43100	[166]
20612	[0, 0]
8928	[1382]
198290	[728]
29608	[27]
57463	[259]
20932	[27]
57118	[0]
5396	[167]
701	[285]
12859	[931, 1004]
3277	[259]
6453	[610]
15435	[222]
197264	[0]
202109	[672, 647]
5769	[227]
9304	[633]
37989	[147]
53001	[210]
58308	[234]
30844	[226]
5413	[175, 219]
1853	[213]
6667	[1228, 1348, 1348]
11039	[668]
53364	[92]
52888	[1140]
29636	[511]
196621	[0]
198249	[0]
8758	[886, 0]
22652	[412]
58901	[0]
31122	[176, 2]
1239	[97]
3741	[262]
48166	[225]
8455	[246]
18106	[569]
9002	[743, 732, 730, 798]
36236	[0]
6939	[497, 695, 567, 998, 716, 669, 531, 577, 1276, 568, 590, 516]
51185	[220]
52720	[302]
29140	[1394]
30071	[182, 173]
28329	[219, 439]
133165	[414]
513	[495]
13030	[846, 1538, 779, 915, 875, 880, 831]
13237	[688]
8283	[1178]
22548	[56]
8218	[657, 0, 596]
6830	[1006, 926, 1256, 1208]
40191	[625]
31019	[783, 598]
4181	[4575]
262317	[228]
7018	[1050]
10026	[221]
251	[1055]
25220	[789]
59689	[889]
4826	[213]
24516	[0, 0, 0, 0]
6762	[739, 835, 705]
202032	[0, 499]
34224	[214]
8596	[226]
46450	[52]
16735	[908]
35369	[230]
34288	[1365, 0, 1330, 0]
32614	[223]
41695	[457]
20080	[777]
15547	[0, 679, 679, 680]
16347	[122]
6881	[223]
38726	[0, 0]
12637	[930]
202018	[771]
1916	[898]
47872	[1021, 926]
28571	[1350]
50763	[260]
51405	[358]
31424	[0]
2518	[0]
1103	[1164]
13703	[28]
2516	[234]
25152	[418, 303]
553	[220]
52610	[164]
32354	[226]
62567	[1658, 1356]
54073	[740]
5645	[554]
9189	[226]
25091	[218, 0, 223, 219]
7575	[766, 0, 870]
58511	[1762, 160, 246, 1762]
42708	[198]
264268	[151]
50300	[354]
15301	[670]
50304	[229]
29075	[225]
28941	[202]
50620	[265]
2500	[757]
34019	[231]
28294	[174]
209	[424, 434, 450]
14840	[774]
1273	[906]
34781	[0, 747]
52769	[175, 203]
25160	[268]
3356	[251, 250]
38880	[318, 491]
7660	[229]
24482	[864, 1049, 0, 0, 935, 923, 1269, 923]
262607	[282]
45896	[0]
1280	[220]
49463	[1139]
37271	[302]
34146	[0]
4589	[597, 767]
8763	[255]
680	[232]
57381	[212]
