8426	[113, 110]
15605	[17]
20912	[2237]
28917	[25990]
41811	[5093]
49835	[5087]
6720	[1404]
262750	[1118]
52863	[1277]
48526	[0, 815]
8781	[183]
58308	[1771]
6082	[2292]
12779	[110, 1953, 1950]
57821	[4923]
1836	[0, 13269]
262612	[350]
29691	[0]
20640	[1894]
262757	[681]
13004	[2297]
63956	[0]
53070	[1261]
393406	[18801]
38809	[1418]
19151	[2005, 1827, 1869]
286	[12635]
1798	[1893]
2914	[5165, 2386, 3993, 0, 3946, 4059, 2566, 4125]
202194	[0]
38880	[2490, 3528]
59469	[0]
41497	[4528]
20764	[1706, 2125]
14061	[9721, 6791]
29686	[7420]
4739	[28]
2497	[0, 1981, 2037, 1889]
53828	[1867]
56730	[10453]
19653	[1500]
37105	[0]
42541	[7754]
33437	[2785, 2902]
37100	[3494]
26162	[1643, 1596, 1595, 1575]
43100	[1894]
8928	[11214]
198290	[8058]
50763	[1474]
20612	[0, 0]
20932	[3]
5396	[1987]
701	[2143]
12859	[11121, 11865]
3277	[1548]
6453	[3220]
15435	[2078]
202109	[5747, 5180]
5769	[2073]
9304	[4982]
57463	[2304]
37989	[819]
53001	[1675]
30844	[1613]
5413	[1367, 1974]
1853	[1875]
6667	[12024, 13239, 13239]
11039	[3333]
52888	[4200]
29636	[4455]
200130	[10872]
8758	[9561, 0]
22652	[3550]
31122	[2008, 1969]
3741	[2187]
48166	[1851]
8455	[2710]
52720	[2470]
9002	[7455, 7813, 7583, 8346]
36236	[0]
6939	[3444, 7490, 4538, 3774, 4546, 4422, 3514, 3764, 7600, 3756, 3746, 2924]
51185	[1897]
18106	[2141]
29140	[12404]
30071	[2332, 2374]
28329	[1473, 2950]
133165	[2339]
513	[3169]
13030	[7316, 14796, 7487, 8477, 6470, 7429, 8044]
13237	[5993]
8283	[8777]
22548	[9]
8218	[6158, 0, 6059]
6830	[6749, 6741, 8896, 7655]
40191	[4309]
31019	[1431, 1149]
4181	[35919]
262317	[816]
7018	[8620]
10026	[1941]
251	[10375]
25220	[11401]
59689	[9435]
4826	[1873]
24516	[0, 0, 0, 0]
6762	[6782, 7427, 7234]
202032	[0, 4087]
34224	[1825]
8596	[1917]
46450	[6]
16735	[9874]
35369	[1903]
34288	[15242, 15221, 0, 0]
32614	[1879]
41695	[3172]
20080	[7662]
15547	[0, 6449, 6449, 3703]
6881	[1901]
38726	[0, 0]
12637	[9006]
202018	[8118]
1916	[3970]
47872	[10519, 9276]
28571	[6226]
51405	[1826]
31424	[0]
2518	[0]
1103	[13094]
2516	[1949]
25152	[3998, 2073]
553	[1848]
52610	[1425]
32354	[1912]
62567	[16946, 15027]
54073	[6334]
5645	[5025]
9189	[1884]
25091	[1873, 1025, 0, 1881]
7575	[8459, 0, 7014]
58511	[2579, 592, 1029, 2579]
42708	[1903]
264268	[1184]
50300	[2991]
15301	[5938]
50304	[1747]
29075	[1990]
28941	[1159]
50620	[2349]
2500	[5464]
34019	[1854]
28294	[580]
209	[2355, 2352, 2352]
14840	[5328]
1273	[9340]
34781	[0, 7268]
52769	[1534, 1772]
25160	[2096]
3356	[1862, 1892]
2857	[1830]
7660	[1449]
24482	[7744, 4841, 9129, 0, 8110, 11657, 8111]
262607	[2650]
1280	[1721]
49463	[12593]
37271	[2364]
4589	[4886, 6908]
8763	[1908]
680	[1873]
57381	[1070]
