8426	[28, 28]
204028	[0]
15605	[12]
28917	[2800]
3491	[1541]
41811	[2029]
7018	[3011]
262757	[911]
262750	[580]
52863	[2321]
48526	[0, 828]
8781	[2]
58308	[1644]
6082	[1604]
12779	[15, 1572, 1543]
20562	[1158, 1158]
52940	[1221]
11666	[4]
57821	[37]
1836	[0, 2245]
262612	[748]
3252	[1409]
31019	[768]
29691	[0]
3257	[6, 6, 8, 6, 8]
30132	[1537]
63956	[0]
53070	[1390]
14061	[1881, 2098]
19151	[1386, 2616, 1530]
286	[3504, 3528]
8222	[25]
1798	[1358]
2914	[4720, 2590, 5370, 3004, 0]
32653	[0]
59715	[0]
202194	[0]
38880	[29, 2187, 2649]
59469	[0]
41497	[1488]
6830	[3277, 3837, 2772, 3375]
36351	[4553]
39821	[1625]
38809	[1387]
3561	[1640, 1182]
41095	[1579, 1577]
40387	[1628]
29686	[2468]
14537	[3486]
4739	[1754]
49835	[2332]
2497	[344, 3164, 3122]
53828	[24]
56730	[4313]
19653	[965]
6720	[1116]
20764	[1881, 1736]
47441	[1581]
28138	[2529, 1270]
198290	[2149]
20612	[0, 0]
5392	[2620]
57118	[0, 0]
5396	[4]
12859	[3582]
6453	[2796, 2483]
15435	[38]
4558	[1, 1]
5769	[1088]
9304	[2679]
37989	[1493]
25227	[1367]
22652	[1018]
5413	[1585, 1713]
1853	[1579]
6667	[5355]
11039	[1251]
53013	[80]
52888	[6204]
29636	[2621]
10102	[0]
49605	[6]
198249	[0]
8758	[50]
30844	[0, 0]
58901	[0]
34781	[1880]
3741	[0]
48166	[250, 250]
8455	[49]
18106	[2939]
8283	[3374]
3267	[0]
36236	[0]
6939	[1994, 1933, 1569, 1830, 1927]
28220	[1247]
6423	[1086]
263623	[1366]
51185	[1169]
29140	[3779]
28329	[2450]
133165	[3031]
513	[3594]
13030	[2224, 2323, 4511]
13237	[70, 131, 64]
6079	[1601]
9002	[3367, 3372, 3372]
22548	[21]
52752	[2890]
49463	[2803]
50304	[1470]
20932	[15]
4181	[17871]
45177	[0]
262317	[1266]
12637	[3534]
22873	[0]
10026	[1287, 1266]
8468	[1447]
251	[3649]
25220	[3962]
3292	[2166]
59689	[1876]
4826	[1568]
24516	[0, 0, 0, 0, 2284, 0]
6762	[2365, 3325, 2943]
8596	[1427]
46450	[28]
16735	[3463]
33843	[298]
34288	[3025, 0, 3029, 0]
34177	[355]
41695	[2272]
20080	[2689]
4777	[1445]
16347	[957]
4608	[1313]
38726	[0, 0]
5650	[975]
1916	[4334]
47872	[4116]
2895	[990]
28571	[2518]
51405	[1575]
31424	[0]
2518	[0]
1103	[3684]
19754	[0]
25152	[1516, 2572]
202109	[3482, 3444]
553	[1097]
32354	[1264]
14361	[1071, 1571]
62567	[3466]
54073	[1851]
5645	[2256]
9189	[1536]
25091	[0, 1700, 943, 1676]
37578	[1]
7575	[4243, 7772]
25160	[2036]
58511	[0, 1586, 0, 0, 1586, 1836]
264268	[1223]
50300	[1869]
15301	[2119]
42541	[2063]
29075	[1953]
28941	[1479]
7500	[1439]
12350	[1478]
50620	[1600]
8928	[5449]
34019	[1703]
28294	[2779]
209	[940, 939, 939]
14840	[2496]
31122	[36]
52769	[84, 80]
32614	[1025]
37685	[1]
48285	[0]
24482	[3092, 0, 3416, 2603, 4926, 3093, 4895, 0]
1280	[1709]
263584	[1069]
15547	[2218, 4047, 4047, 0]
37271	[1730]
3549	[1248]
34146	[0]
4589	[2609, 2740]
680	[1613]
57381	[1298]
