8426	[30, 28]
204028	[0]
39792	[0]
15605	[9]
28917	[0]
3491	[1514]
41811	[971]
7018	[3117]
262757	[1195]
262750	[761]
52863	[2352]
48526	[1, 0]
8781	[2]
58308	[1369]
6082	[976]
12779	[8, 942, 919]
52940	[1399]
11666	[5]
57821	[0]
1836	[0, 1520]
262612	[1053]
3252	[3]
31019	[1]
29691	[0]
3257	[4, 0, 0, 0]
30132	[0]
63956	[0]
28941	[1234]
53070	[1498]
2018	[0]
14061	[1018, 1018]
19151	[1, 4, 2]
286	[3433, 4149]
8222	[0]
1798	[0]
2914	[5848, 2560, 5694, 3196, 0]
32653	[0]
59715	[0]
202194	[0]
38883	[0]
38880	[0, 0, 0, 933]
59469	[0]
41497	[966]
6830	[3766, 3555, 3049, 2700]
36351	[980]
39821	[0]
38809	[1369]
3561	[1875, 1478]
41095	[1456, 1470]
40387	[1282]
29686	[1681]
14537	[1415]
4739	[0]
49835	[1955]
2497	[897, 2718, 2706]
53828	[0]
56730	[934]
19653	[1005]
6720	[1474]
20764	[922, 914]
47441	[0]
28138	[2784, 1385]
198290	[1575]
50763	[1]
20612	[0, 0]
5392	[1284]
57118	[0, 0]
5396	[0]
12859	[0]
6453	[0, 0]
15435	[0]
202109	[1513, 1893]
5769	[1]
9304	[990]
37989	[1482]
25227	[388]
22652	[1363]
5413	[1639, 1657]
1853	[1311]
6667	[980]
11039	[919]
53013	[34]
52888	[0]
29636	[1594]
10102	[0]
49605	[0]
198249	[0]
8758	[0, 2076]
30844	[0, 0]
58901	[0]
34781	[0, 0]
35054	[5]
3741	[0]
48166	[0, 0]
8455	[0]
18106	[0]
8283	[2665]
3267	[0]
36236	[0]
6939	[977, 1554, 1559, 1421, 1547]
28220	[1414]
6423	[1255]
263623	[1393]
51185	[4]
29140	[0]
28329	[2823]
133165	[1024]
513	[957]
13030	[0, 0, 0]
13237	[0, 0, 2]
6079	[1]
9002	[975, 980, 980]
22548	[36]
8218	[0, 1, 1]
52752	[2854]
49463	[1]
50304	[1]
20932	[0]
4181	[11032]
45177	[0]
262317	[1826]
12637	[0]
22873	[0]
10026	[0]
8468	[1188]
251	[0]
25220	[0]
3292	[3181]
59689	[896]
4826	[0]
24516	[0, 0, 0, 0, 1561, 0]
6762	[2251, 3073, 2848]
8596	[1045]
16735	[2576]
34288	[932, 0, 933, 0]
34177	[347]
41695	[929]
20080	[0]
4777	[0]
16347	[51]
4608	[0]
196621	[0]
38726	[0, 0]
20640	[0]
5650	[354]
1916	[4508]
47872	[2057]
2895	[0]
28571	[0]
51405	[669]
31424	[0]
2518	[0]
1103	[924]
37271	[1621]
19754	[0]
25152	[0, 2010]
4558	[1, 1]
553	[0]
32354	[0]
14361	[0, 1]
62567	[0]
54073	[1412]
5645	[1536]
9189	[0]
25091	[930, 0, 926, 515]
37578	[1]
7575	[0, 0]
58511	[0, 1267, 1267, 0, 0, 770]
264268	[1383]
50300	[912]
15301	[1545]
42541	[0]
29075	[916]
1299	[0]
7500	[1326]
12350	[980]
50620	[964]
8928	[6893]
34019	[1]
28294	[994]
209	[1482, 1452, 1462]
14840	[1978]
31122	[1]
52769	[29, 31]
25160	[974]
37685	[1]
48285	[0]
29608	[0]
24482	[1477, 0, 1492, 1251, 0, 1478, 1750, 0]
45896	[0]
1280	[1615]
263584	[1155]
15547	[1, 0, 0, 0]
13703	[1]
3549	[1416]
34146	[0]
4589	[1668, 1844]
680	[1322]
57381	[0]
