8426	[40, 42]
204028	[0]
15605	[8]
28917	[2812]
3491	[1537]
41811	[2012]
7018	[3032]
262757	[916]
262750	[588]
52863	[2331]
48526	[0, 835]
8781	[2]
58308	[1643]
6082	[1609]
12779	[15, 1573, 1543]
20562	[1156, 1156]
52940	[1225]
11666	[4]
57821	[33]
1836	[0, 2254]
262612	[746]
3252	[1413]
31019	[771]
29691	[0]
3257	[6, 6, 8, 6, 8]
30132	[1548]
63956	[0]
53070	[1390]
14061	[1882, 2108]
19151	[1405, 2636, 1512]
286	[3491, 3508]
8222	[17]
1798	[1372]
2914	[4732, 2601, 5362, 2996, 0]
32653	[0]
59715	[0]
202194	[0]
38880	[25, 2191, 2658]
59469	[0]
41497	[1496]
6830	[3261, 3804, 2749, 3337]
36351	[4594]
20764	[1889, 1745]
38809	[1392]
3561	[1652, 1184]
41095	[1582, 1589]
40387	[1639]
29686	[2470]
14537	[3494]
4739	[1751]
49835	[2332]
2497	[343, 3154, 3116]
53828	[20]
56730	[4304]
19653	[971]
6720	[1118]
47441	[1590]
28138	[2546]
198290	[2141]
20612	[0, 0]
5392	[2655]
57118	[0]
5396	[4]
12859	[3572]
6453	[2816, 2491]
15435	[33]
4558	[1, 1]
5769	[1093]
9304	[2689]
37989	[1491]
25227	[1389]
22652	[1023]
5413	[1586, 1711]
1853	[1577]
6667	[5366]
11039	[1258]
53013	[82]
52888	[6244]
29636	[2624]
10102	[0]
49605	[6]
198249	[0]
8758	[56]
30844	[0, 0]
58901	[0]
34781	[1875]
3741	[0]
48166	[253]
8455	[39]
18106	[2945]
8283	[3378]
3267	[0]
36236	[0]
6939	[2002, 1927, 1566, 1826, 1940]
28220	[1258]
6423	[1092]
263623	[1376]
51185	[1176]
39821	[1633]
29140	[3757]
28329	[2469]
133165	[3057]
513	[3604]
13030	[2217, 2315, 4497]
13237	[62, 109, 56]
6079	[1607]
9002	[3368, 3374, 3371]
22548	[21]
52752	[2898]
49463	[2797]
50304	[1479]
20932	[11]
4181	[17887]
45177	[0]
262317	[1272]
12637	[3537]
22873	[0]
10026	[1299, 1271]
8468	[1454]
251	[3653]
25220	[3938]
3292	[2168]
59689	[1880]
4826	[1576]
24516	[0, 0, 0, 0, 2308, 0]
6762	[2389, 3318, 2986]
8596	[1432]
46450	[20]
16735	[3478]
33843	[298]
34288	[3029, 0, 3033, 0]
34177	[356]
41695	[2281]
20080	[2709]
4777	[1446]
16347	[956]
4608	[1323]
38726	[0, 0]
5650	[980]
1916	[4350]
47872	[4112]
2895	[999]
28571	[2536]
51405	[1579]
31424	[0]
2518	[0]
1103	[3646]
19754	[0]
25152	[1511, 2563]
202109	[3475, 3436]
553	[1102]
32354	[1277]
14361	[1074, 1568]
62567	[3466]
54073	[1861]
5645	[2272]
9189	[1549]
25091	[0, 1707, 942, 1681]
37578	[1]
7575	[4246, 7808]
25160	[2036]
58511	[0, 1591, 0, 0, 1591, 1850]
264268	[1230]
50300	[1874]
15301	[2149]
42541	[2072]
29075	[1960]
28941	[1482]
7500	[1440]
12350	[1479]
8928	[5475]
34019	[1705]
28294	[2810]
209	[942, 941, 941]
14840	[2528]
31122	[36]
52769	[86, 82]
32614	[1029]
37685	[1]
48285	[0]
24482	[3108, 0, 3438, 2612, 4965, 3109, 4924, 0]
1280	[1705]
263584	[1080]
15547	[2246, 4085, 4085, 0]
37271	[1732]
3549	[1255]
34146	[0]
4589	[2618, 2745]
680	[1613]
57381	[1302]
