8426	[88]
204028	[0]
39792	[0]
15605	[157]
28917	[2682]
3491	[129, 1543]
41811	[854]
49835	[1138]
262757	[507]
262750	[652]
52863	[2876]
48526	[0, 917]
58308	[897]
6082	[122]
12779	[46, 47]
52940	[1180]
57821	[70]
1836	[0, 10527]
262612	[751]
3252	[220]
31019	[632]
29691	[0]
30132	[1239]
63956	[0]
28941	[645]
53070	[1568]
14061	[2979, 3253]
19151	[3216, 1568, 1553]
286	[12013, 12066]
1798	[1127]
2914	[6904, 3348, 2074, 3487, 0]
59715	[0]
202194	[0]
38883	[0]
38880	[3949, 2832, 3161]
59469	[0]
41497	[132]
6830	[10021, 10721, 8866, 9754]
36351	[9784]
20764	[1743, 1639]
38809	[426]
3561	[2785, 1302]
41095	[1621, 1556]
40387	[230]
29686	[2566]
14537	[10031]
4739	[1821]
2497	[0, 2528, 2523]
53828	[79]
56730	[1768]
19653	[725]
6720	[1083]
47441	[1289]
28138	[2833, 1418]
198290	[956]
29608	[89]
20612	[0, 0]
5392	[220]
57118	[0, 0]
7018	[4757]
12859	[7441]
6453	[2764, 2776]
15435	[99]
202109	[3208, 3436]
5769	[5]
9304	[60]
25227	[6172]
22652	[1214]
5413	[717, 824]
1853	[1426]
6667	[6783]
11039	[100]
53013	[30]
52888	[7454]
29636	[2794]
10102	[0]
198249	[0]
8758	[0, 76]
30844	[0, 98]
58901	[0]
34781	[0, 264]
35054	[54]
48166	[183, 179]
8455	[219]
18106	[2935]
8283	[6890]
3267	[0]
36236	[0]
6939	[106, 107, 102, 146, 106]
28220	[1631]
263623	[1197]
51185	[1349]
39821	[222]
29140	[3979]
28329	[3237]
133165	[5612]
513	[5668]
13030	[184, 183, 382]
13237	[236, 439, 204]
6079	[1174]
9002	[2476, 2482, 2466]
22548	[11]
52752	[2428]
49463	[294]
50304	[292]
20932	[108]
4181	[30288]
45177	[0]
262317	[888]
12637	[3314]
22873	[0]
10026	[92, 95]
8468	[1185]
251	[7011]
25220	[11665]
3292	[5281]
59689	[1767]
4826	[241]
24516	[0, 0, 3430, 0, 0, 0]
6762	[6748, 7103, 4398]
8596	[1245]
46450	[158]
16735	[4728]
33843	[136]
34288	[2547, 0, 2554, 0]
34177	[32]
41695	[60]
20080	[7310]
15547	[2072, 3822, 0, 3822]
4608	[326]
196621	[0]
38726	[0, 0]
5650	[231]
1916	[5904]
47872	[11737]
2895	[170]
28571	[2664]
51405	[405]
31424	[0]
2518	[0]
1103	[7991]
19754	[0]
25152	[1288, 3530]
553	[694]
32354	[139]
14361	[1268, 775]
62567	[6487]
54073	[50]
5645	[2445]
9189	[689]
25091	[1404, 0, 1405, 793]
7575	[4833, 10244]
25160	[976]
58511	[0, 285, 285, 0, 0, 450]
264268	[1187]
50300	[1465]
15301	[1888]
42541	[2386]
29075	[1306]
1299	[0]
7500	[281]
12350	[233]
50620	[23]
8928	[9669]
34019	[1615]
28294	[3040]
14840	[4064]
31122	[77]
52769	[22, 30]
32614	[576]
48285	[0]
24482	[5591, 0, 7108, 4989, 8627, 5591, 9696, 0]
45896	[0]
1280	[1230]
263584	[105]
4777	[167]
37271	[1157]
3549	[1635]
34146	[0]
4589	[3181, 3302]
680	[1406]
57381	[263]
