8426	[88]
204028	[0]
39792	[0]
15605	[155]
28917	[2680]
3491	[129, 1543]
41811	[852]
49835	[1138]
262757	[507]
262750	[652]
52863	[2876]
48526	[0, 917]
58308	[897]
6082	[122]
12779	[46, 47]
52940	[1180]
57821	[70]
1836	[0, 10526]
262612	[751]
3252	[218]
31019	[632]
29691	[0]
30132	[1239]
63956	[0]
28941	[647]
53070	[1568]
14061	[2981, 3255]
19151	[3216, 1568, 1553]
286	[12013, 12066]
1798	[1127]
2914	[6906, 3348, 2070, 3486, 0]
59715	[0]
202194	[0]
38883	[0]
38880	[3933, 2829, 3161]
59469	[0]
41497	[130]
6830	[10019, 10721, 8866, 9754]
36351	[9788]
20764	[1743, 1640]
38809	[426]
3561	[2783, 1301]
41095	[1621, 1556]
40387	[230]
29686	[2566]
14537	[10029]
4739	[1819]
2497	[0, 2528, 2522]
53828	[78]
56730	[1766]
19653	[725]
6720	[1083]
47441	[1289]
28138	[2833]
198290	[956]
29608	[89]
20612	[0, 0]
5392	[220]
57118	[0]
7018	[4756]
12859	[7441]
6453	[2762, 2776]
15435	[99]
202109	[3206, 3435]
5769	[5]
9304	[60]
25227	[6177]
22652	[1214]
5413	[717, 825]
1853	[1427]
6667	[6783]
11039	[102]
53013	[30]
52888	[7446]
29636	[2794]
10102	[0]
198249	[0]
8758	[0, 76]
30844	[0, 98]
58901	[0]
34781	[0, 264]
35054	[54]
48166	[179]
8455	[219]
18106	[2933]
8283	[6890]
3267	[0]
36236	[0]
6939	[106, 107, 102, 145, 106]
28220	[1630]
263623	[1197]
51185	[1349]
39821	[222]
29140	[3978]
28329	[3237]
133165	[5610]
513	[5665]
13030	[185, 184, 384]
13237	[235, 443, 202]
6079	[1175]
9002	[2476, 2482, 2466]
22548	[11]
52752	[2428]
49463	[294]
50304	[292]
20932	[107]
4181	[30274]
45177	[0]
262317	[892]
12637	[3314]
22873	[0]
10026	[92, 95]
8468	[1185]
251	[7012]
25220	[11663]
3292	[5281]
59689	[1767]
4826	[241]
24516	[0, 0, 3428, 0, 0, 0]
6762	[6748, 7103, 4396]
8596	[1245]
46450	[159]
16735	[4727]
33843	[136]
34288	[2547, 0, 2554, 0]
34177	[32]
41695	[60]
20080	[7309]
15547	[2074, 3824, 0, 3824]
4608	[326]
196621	[0]
38726	[0, 0]
5650	[233]
1916	[5904]
47872	[11734]
2895	[168]
28571	[2659]
51405	[405]
31424	[0]
2518	[0]
1103	[7991]
19754	[0]
25152	[1288, 3527]
553	[692]
32354	[137]
14361	[1268, 777]
62567	[6487]
54073	[50]
5645	[2445]
9189	[689]
25091	[1404, 0, 1405, 793]
7575	[4832, 10242]
25160	[976]
58511	[0, 285, 285, 0, 0, 450]
264268	[1187]
50300	[1465]
15301	[1886]
42541	[2385]
29075	[1306]
1299	[0]
7500	[277]
12350	[233]
8928	[9663]
34019	[1615]
28294	[3040]
14840	[4064]
31122	[77]
52769	[22, 30]
32614	[576]
48285	[0]
24482	[5593, 0, 7112, 4991, 8624, 5593, 9695, 0]
45896	[0]
1280	[1230]
263584	[105]
4777	[167]
37271	[1150]
3549	[1635]
34146	[0]
4589	[3181, 3302]
680	[1407]
57381	[263]
