8426	[322, 451]
204028	[0]
39792	[0]
15605	[106]
28917	[5122]
3491	[42, 1152]
41811	[2429]
7018	[2531]
262757	[1034]
262750	[1502]
52863	[5109]
48526	[0, 678]
58308	[1706]
6082	[661]
12779	[9, 1670, 1615]
20562	[3743, 3743]
52940	[1721]
11666	[37]
57821	[1727]
1836	[0, 3507]
262612	[824]
3252	[1587]
31019	[812]
29691	[0]
3257	[148, 146, 172, 146, 162]
30132	[1589]
63956	[0]
53070	[2152]
14061	[2533, 3237]
19151	[3628, 1692, 1710]
286	[2275, 2056]
1798	[1429]
2914	[7114, 2688, 5917, 2457, 0]
59715	[0]
202194	[0]
38880	[3799, 3128, 0, 2836]
59469	[0]
41497	[269]
6830	[4089, 681, 1718, 2824]
36351	[5502]
39821	[1527]
38809	[1222]
3561	[2895, 1321]
41095	[1529, 1739]
40387	[602]
29686	[2551]
14537	[4282]
4739	[1585]
24115	[1602, 1602]
49835	[2603]
2497	[130, 3368, 3172]
53828	[108]
56730	[5395]
19653	[1214]
6720	[1333]
20764	[1832, 1704]
47441	[1634]
43100	[1580]
28138	[2912, 1462]
198290	[1599]
50763	[1675]
20612	[0, 0]
5392	[2123]
57118	[0, 0]
5396	[33]
12859	[3867]
6453	[4660, 5174]
15435	[1721]
197264	[0]
202109	[2943, 2919]
5769	[1386]
9304	[2049]
25227	[926]
22652	[1234]
5413	[407, 504]
1853	[2000]
6667	[3408]
11039	[502]
53013	[132]
52888	[13058]
29636	[2672]
10102	[0]
49605	[48]
198249	[0]
8758	[218]
30844	[1005, 0]
58901	[0]
34781	[0, 2749]
48166	[35, 35]
8455	[57]
18106	[5895]
8283	[1914]
3267	[0]
36236	[0]
6939	[1833, 1543, 1149, 1396, 1569]
28220	[1748]
6423	[1339]
263623	[1714]
51185	[1613]
29140	[8169]
28329	[3486]
133165	[5530]
513	[1629]
13030	[3280, 2840, 5139]
13237	[5340, 3057, 2632]
6079	[771]
9002	[5975, 5932, 5959]
22548	[23]
8218	[0, 5177, 4942]
52752	[4066]
49463	[5815]
50304	[1625]
20932	[149]
4181	[12471]
45177	[0]
262317	[1882]
12637	[4193]
22873	[0]
10026	[1790, 1752]
8468	[1620]
251	[763]
25220	[4961]
3292	[4794]
59689	[3978]
4826	[1781]
24516	[0, 0, 4043, 0, 0, 0]
6762	[7958, 8516, 5033]
8596	[1318]
46450	[42]
6360	[0]
16735	[3456]
33843	[354]
34288	[3108, 0, 3114, 0]
34177	[142]
41695	[3200]
20080	[4055]
15547	[3494, 6022, 0, 6022]
16347	[374]
4608	[1291]
196621	[0]
38726	[0, 0]
20640	[1536]
5650	[1161]
1916	[3724]
27446	[8]
47872	[3931]
2895	[438]
28571	[5142]
51405	[1786]
31424	[0]
2518	[0]
1103	[4006]
2516	[1630]
19754	[0]
25152	[1045, 2711]
553	[1553]
3549	[1693]
32354	[1641]
14361	[1582, 1656]
62567	[4981]
54073	[1702]
5645	[2670]
9189	[1716]
25091	[1769, 0, 1753, 1020]
7575	[2548, 6226]
25160	[2350]
58511	[0, 1617, 1617, 0, 0, 1549]
264268	[1703]
50300	[1970]
15301	[1751]
42541	[3253]
29075	[1785]
28941	[1735]
7500	[1400]
12350	[1609]
50620	[1842]
8928	[3861]
34019	[1649]
28294	[2704]
209	[2023, 2140, 2135]
14840	[5164]
31122	[155]
52769	[162, 131]
32614	[1725]
48285	[0]
24482	[5311, 0, 6113, 4648, 6659, 5310, 8462, 0]
1280	[1937]
263584	[1554]
4777	[1782]
37271	[2355]
29608	[134]
34146	[0]
4589	[584, 608]
680	[402]
57381	[1555]
