8426	[27, 19]
204028	[0]
39792	[0]
15605	[67]
28917	[92]
3491	[70, 63]
41811	[113]
49835	[2]
262757	[48]
52863	[33]
48526	[0, 7]
8781	[3]
58308	[29]
6082	[112]
12779	[1, 64, 65]
52940	[40]
11666	[83]
57821	[65]
1836	[0, 84]
262612	[25]
3252	[60]
31019	[1249]
29691	[0]
3257	[104, 106, 138, 119, 106]
30132	[730]
63956	[0]
28941	[86]
53070	[42]
14061	[1196, 2549]
19151	[158, 86, 81]
286	[176, 171]
1798	[2728]
59715	[0]
202194	[0]
38883	[0]
38880	[0, 8, 102]
59469	[0]
41497	[206]
36351	[977]
39821	[82]
38809	[344]
3561	[60, 59]
41095	[2703, 2693]
40387	[3803]
29686	[8]
14537	[420]
4739	[250]
2497	[2, 4, 4]
53828	[40]
56730	[128]
19653	[10]
6720	[47]
20764	[79, 66]
47441	[78]
28138	[160, 80]
198290	[87]
29608	[83]
20612	[0, 0]
5392	[177]
57118	[0, 0]
5396	[34]
12859	[176]
6453	[54, 58]
15435	[5]
197264	[0]
202109	[177, 181]
5769	[27]
9304	[68]
32354	[2829]
25227	[5564]
22652	[70]
5413	[0, 0]
1853	[66]
6667	[688]
11039	[1635]
53013	[6]
52888	[1366]
29636	[14]
10102	[0]
49605	[156]
198249	[0]
8758	[0, 150]
30844	[1005, 0]
58901	[0]
34781	[0, 51]
35054	[22]
48166	[0, 0]
8455	[16]
18106	[3201]
8283	[163]
3267	[0]
36236	[0]
6939	[1953, 2766, 2739, 1751, 2817]
28220	[35]
6423	[28]
263623	[99]
29140	[235]
28329	[86]
133165	[69]
513	[402]
13030	[376, 375, 918]
13237	[125, 126, 122]
6079	[5]
9002	[338, 338, 336]
22548	[78]
8218	[0, 42, 37]
6830	[466, 293, 443, 463]
50304	[76]
20932	[65]
4181	[1136]
45177	[0]
262317	[28]
12637	[100]
22873	[0]
10026	[71, 70]
8468	[71]
251	[188]
25220	[56]
3292	[4]
59689	[12]
4826	[747]
24516	[0, 0, 0, 1819, 0, 0]
6762	[92, 120, 145]
8596	[2512]
46450	[68]
6360	[0]
16735	[179]
33843	[6]
34288	[1255, 0, 1258, 0]
34177	[57]
41695	[90]
20080	[2075]
15547	[3304, 5960, 0, 5960]
16347	[41]
4608	[3]
196621	[0]
38726	[0, 0]
5650	[35]
1916	[144]
27446	[17]
47872	[1799]
2895	[24]
28571	[672]
51405	[64]
31424	[0]
2518	[0]
1103	[1910]
37271	[117]
19754	[0]
25152	[906, 2584]
553	[85]
52752	[22]
14361	[2388, 2368]
62567	[200]
54073	[2939]
5645	[2490]
9189	[20]
25091	[108, 0, 106, 75]
7575	[768, 1652]
58511	[0, 124, 124, 0, 0, 140]
264268	[41]
50300	[107]
15301	[4188]
42541	[86]
29075	[118]
1299	[0]
7500	[35]
12350	[77]
50620	[76]
8928	[1285]
34019	[12]
28294	[940]
14840	[0]
31122	[28]
52769	[6, 6]
25160	[76]
48285	[0]
24482	[2451, 0, 3105, 2284, 3010, 2452, 3225, 0]
45896	[0]
1280	[2623]
263584	[0]
4777	[3]
49463	[93]
13703	[33]
34146	[0]
4589	[116, 155]
680	[88]
57381	[74]
