8426	[403, 12]
15605	[16]
28917	[1572]
3491	[612]
41811	[745]
49835	[860]
49463	[965]
262750	[370]
52863	[466]
48526	[341]
58308	[746]
6082	[531]
12779	[4, 407, 398]
52940	[698]
57821	[407]
1836	[977]
262612	[503]
3252	[677]
31019	[206]
30132	[530]
63956	[0]
53070	[418]
38809	[628]
19151	[662, 548, 1288]
286	[611, 618]
1798	[724]
2914	[398, 818, 818, 409]
14840	[1214]
38880	[401, 652, 597]
41497	[405]
32614	[409]
36351	[2479]
20764	[818, 823]
14061	[587, 583]
3561	[413, 409]
41095	[608, 522]
40387	[663]
29686	[824]
14537	[1332]
4739	[240]
2497	[578, 1294, 1348]
56730	[1794]
19653	[407]
262757	[548]
47441	[898]
28138	[1276, 645]
198290	[785]
5392	[1541]
7018	[667]
12859	[796]
6453	[875, 975]
15435	[509]
202109	[1076, 1028]
5769	[453]
9304	[619]
25227	[1732]
30844	[416]
5413	[564, 687]
1853	[493]
6667	[1552]
11039	[390]
53013	[127]
52888	[2474]
29636	[1240]
6720	[748]
22652	[452]
35054	[23]
48166	[555, 555]
18106	[1547]
8283	[1626]
36236	[0]
6939	[453, 405, 405, 397, 405]
28220	[676]
263623	[781]
51185	[409]
39821	[579]
29140	[924]
28329	[1223]
133165	[1259]
513	[1344]
13030	[1034, 761, 1519]
13237	[1162, 1604, 1066]
6079	[700]
9002	[440, 439, 441]
22548	[31]
52752	[850]
6830	[2061, 1199, 1450, 1827]
50304	[734]
20932	[405]
4181	[4146]
45177	[0]
262317	[804]
12637	[815]
10026	[411, 405]
8468	[535]
251	[1380]
25220	[2021]
3292	[888]
59689	[621]
4826	[540]
24516	[0, 0, 1093, 0, 0, 0]
6762	[1221, 1162, 1049]
8596	[615]
16735	[1751]
33843	[97]
34288	[1080, 1083]
34177	[278]
41695	[574]
20080	[869]
15547	[1472, 1472, 793]
16347	[401]
4608	[602]
38726	[0]
5650	[409]
1916	[1226]
47872	[2075]
2895	[472]
28571	[944]
51405	[727]
1103	[502]
25152	[888, 946]
553	[636]
32354	[403]
14361	[524, 688]
62567	[1545]
54073	[910]
5645	[1009]
9189	[648]
25091	[482, 0, 461, 244]
7575	[669, 1618]
58511	[587, 0, 0, 587, 789]
264268	[655]
50300	[566]
15301	[1193]
42541	[619]
29075	[765]
28941	[608]
7500	[787]
12350	[484]
50620	[692]
8928	[1108]
34019	[717]
28294	[1596]
34781	[1322]
52769	[122, 168]
25160	[553]
24482	[1470, 1652, 1306, 1991, 1470, 2827]
1280	[649]
263584	[8]
4777	[711]
37271	[751]
3549	[496]
4589	[582, 616]
680	[642]
57381	[652]
