8426	[14, 2]
204028	[0]
39792	[0]
15605	[68]
28917	[1466]
3491	[132, 75]
41811	[137]
7018	[710]
262757	[209]
262750	[98]
52863	[1041]
48526	[0, 409]
8781	[3]
58308	[29]
6082	[110]
12779	[1, 63, 63]
52940	[872]
11666	[70]
57821	[68]
1836	[0, 76]
262612	[122]
3252	[57]
31019	[1253]
29691	[0]
3257	[106, 89, 126, 89, 101]
30132	[665]
63956	[0]
28941	[87]
53070	[282]
14061	[5287, 3321]
19151	[150, 83, 79]
286	[198, 197]
1798	[2728]
2914	[7454, 3705, 622, 3889, 0]
59715	[0]
202194	[0]
38883	[0]
38880	[110, 40, 97]
59469	[0]
41497	[177]
6830	[3111, 541, 482, 461]
36351	[1127]
20764	[441, 554]
38809	[67]
3561	[2213, 1360]
41095	[2704, 2694]
40387	[1242]
29686	[1234]
14537	[230]
4739	[231]
49835	[166]
2497	[0, 1350, 1484]
53828	[32]
56730	[165]
19653	[18]
6720	[46]
47441	[70]
28138	[1434]
198290	[125]
29608	[134]
20612	[0, 0]
5392	[146]
57118	[0]
5396	[44]
12859	[1947]
6453	[69, 219]
15435	[27]
197264	[0]
202109	[1103, 1117]
5769	[111]
9304	[63]
25227	[5569]
22652	[58]
5413	[0, 0]
1853	[154]
6667	[120]
11039	[565]
53013	[36]
52888	[1428]
29636	[1456]
10102	[0]
49605	[128]
198249	[0]
8758	[0, 181]
30844	[914, 0]
58901	[0]
34781	[0, 45]
35054	[28]
48166	[0]
8455	[47]
18106	[3179]
8283	[274]
3267	[0]
36236	[0]
6939	[2670, 1917, 2751, 1356, 2642]
28220	[802]
6423	[2720]
263623	[941]
51185	[116]
39821	[181]
29140	[1976]
28329	[1882]
133165	[1954]
513	[2231]
13030	[33, 38, 74]
13237	[104, 117, 98]
6079	[5]
9002	[1437, 1445, 1435]
22548	[67]
8218	[0, 41, 33]
52752	[1447]
49463	[86]
50304	[78]
20932	[68]
4181	[10569]
45177	[0]
262317	[250]
12637	[2707]
22873	[0]
10026	[67, 63]
8468	[202]
251	[179]
25220	[55]
3292	[1816]
59689	[139]
4826	[2294]
24516	[0, 0, 0, 1654, 0, 0]
6762	[103, 3176, 151]
8596	[2545]
46450	[69]
6360	[0]
16735	[1592]
33843	[6]
34288	[1163, 0, 1164, 0]
34177	[59]
41695	[139]
20080	[1230]
15547	[2617, 4697, 0, 4697]
16347	[49]
4608	[8]
196621	[0]
38726	[0, 0]
5650	[97]
1916	[2898]
27446	[38]
47872	[1660]
2895	[26]
28571	[398]
51405	[237]
31424	[0]
2518	[0]
1103	[1902]
37271	[944]
19754	[0]
25152	[956, 2449]
553	[87]
32354	[2832]
14361	[2385, 2370]
62567	[1408]
54073	[2886]
5645	[2424]
9189	[18]
25091	[973, 0, 972, 533]
7575	[945, 1824]
25160	[106]
58511	[0, 122, 122, 0, 0, 136]
264268	[888]
50300	[94]
15301	[4195]
42541	[128]
29075	[121]
1299	[0]
7500	[84]
12350	[77]
8928	[3712]
34019	[168]
28294	[1047]
209	[463, 641, 696]
14840	[444]
31122	[42]
52769	[37, 36]
32614	[105]
48285	[0]
24482	[2435, 0, 3083, 2267, 2982, 2436, 3217, 0]
45896	[0]
1280	[885]
263584	[58]
4777	[83]
13703	[100]
3549	[1504]
34146	[0]
4589	[734, 390]
680	[91]
57381	[76]
