8426	[167, 153]
204028	[0]
39792	[0]
15605	[19]
28917	[754]
3491	[139, 257]
41811	[5]
7018	[3]
49463	[1038]
262750	[2]
52863	[42]
48526	[0, 331]
8781	[3]
58308	[739]
6082	[606]
12779	[5, 620, 609]
20562	[1061, 1048]
52940	[14]
11666	[16]
57821	[433]
1836	[0, 431]
262612	[9]
3252	[1185]
31019	[289]
29691	[0]
3257	[16, 10, 16, 16, 10]
30132	[160]
63956	[0]
53070	[630]
38809	[153]
19151	[909, 1842, 900]
286	[3, 3]
8222	[14]
1798	[165]
2914	[3, 446, 10, 349]
202194	[0]
38883	[0]
38880	[0, 152, 24, 761]
59469	[0]
41497	[16]
36351	[871]
20764	[1018, 633]
14061	[3, 3]
3561	[12, 18]
41095	[895, 517]
40387	[465]
29686	[608]
14537	[1961]
4739	[8]
49835	[38]
2497	[0, 324, 332]
53828	[15]
56730	[2533]
19653	[6]
262757	[24]
47441	[737]
28138	[331, 166]
198290	[230]
50763	[1011]
20612	[0, 0]
5392	[23]
57118	[0, 0]
5396	[13]
12859	[2503]
6453	[21, 21]
15435	[154]
202109	[2070, 2099]
5769	[8]
9304	[660]
37989	[22]
53001	[36]
25227	[887]
22652	[173]
5413	[166, 167]
1853	[764]
6667	[902]
11039	[300]
53013	[5]
52888	[1146]
29636	[538]
196621	[0]
6720	[167]
49605	[100]
198249	[0]
8758	[69]
30844	[682, 0]
58901	[0]
34781	[0, 1449]
35054	[15]
48166	[674, 673]
8455	[313]
18106	[570]
8283	[2657]
3267	[0]
36236	[0]
6939	[1058, 778, 791, 731, 778]
28220	[435]
6423	[6]
263623	[23]
51185	[170]
39821	[1555]
29140	[1560]
28329	[29, 6]
133165	[125]
513	[1434]
13030	[1765, 1764, 3528]
13237	[10691, 4863, 765]
6079	[79]
9002	[476, 479, 476]
22548	[95]
8218	[0, 497, 537]
52752	[6]
6830	[1460, 1340, 1360, 1461]
50304	[471]
20932	[144]
4181	[2454]
45177	[0]
262317	[680]
12637	[2350]
22873	[0]
10026	[14, 13]
8468	[574]
251	[2161]
25220	[850]
3292	[1358]
59689	[1271]
4826	[912]
24516	[0, 0, 763, 0, 0, 0]
6762	[31, 42, 29]
8596	[828]
46450	[16]
6360	[0]
16735	[467]
33843	[13]
34288	[939, 0, 944, 0]
34177	[106]
41695	[28]
20080	[2111]
15547	[477, 801, 0, 801]
16347	[349]
4608	[269]
38726	[0, 0]
20640	[505]
5650	[4]
1916	[612]
27446	[4]
47872	[1149]
2895	[400]
28571	[612]
51405	[205]
31424	[0]
2518	[0]
1103	[2372]
13703	[130]
25152	[550, 947]
553	[803]
32354	[13]
14361	[150, 167]
62567	[1762]
54073	[706]
5645	[346]
9189	[634]
25091	[744, 0, 629, 425]
7575	[308, 616]
25160	[122]
58511	[0, 574, 574, 0, 0, 400]
264268	[14]
50300	[240]
15301	[775]
42541	[399]
29075	[569]
28941	[10]
7500	[29]
12350	[166]
50620	[760]
8928	[2472]
34019	[602]
28294	[354]
209	[6, 3, 5]
14840	[620]
31122	[125]
52769	[4, 5]
32614	[3]
48285	[0]
29608	[7]
24482	[1006, 0, 1165, 898, 1209, 1006, 1324, 0]
1280	[554]
263584	[5]
4777	[29]
37271	[162]
3549	[16]
34146	[0]
4589	[105, 252]
680	[164]
57381	[416]
