8426	[226, 214]
204028	[0]
39792	[0]
15605	[180]
28917	[676]
3491	[97, 341]
41811	[267]
7018	[668]
262757	[268]
262750	[162]
52863	[542]
48526	[0, 170]
8781	[144]
58308	[306]
6082	[232]
12779	[5, 270, 267]
20562	[459, 457]
52940	[266]
11666	[207]
57821	[228]
1836	[0, 523]
262612	[260]
3252	[285]
31019	[110]
29691	[0]
3257	[334, 268, 389, 268, 307]
30132	[155]
63956	[0]
28941	[248]
53070	[276]
38809	[312]
19151	[277, 632, 264]
286	[726, 757]
1798	[277]
2914	[762, 412, 616, 423, 0]
59715	[0]
202194	[0]
38880	[221, 416, 546]
59469	[0]
41497	[490]
6830	[708, 793, 738, 706]
36351	[452]
39821	[278]
19782	[0, 0]
14061	[360, 445]
3561	[231, 507]
41095	[215, 218]
40387	[548]
29686	[436]
14537	[537]
4739	[504]
49835	[316]
2497	[202, 539, 569]
53828	[183]
56730	[546]
19653	[225]
6720	[301]
20764	[287, 295]
47441	[378]
28138	[557, 284]
198290	[377]
50763	[192]
20612	[0, 0]
5392	[560]
57118	[0, 0]
5396	[151]
12859	[698]
6453	[459, 606]
15435	[195]
197264	[0]
202109	[529, 437]
5769	[220]
9304	[463]
53001	[144]
25227	[487]
22652	[240]
5413	[144, 271, 349, 210]
1853	[244]
6667	[264]
11039	[617]
53013	[211]
52888	[1396]
29636	[470]
10102	[0]
49605	[143]
198249	[0]
30844	[273, 0]
2603	[142]
58901	[0]
34781	[0, 445]
35054	[172]
48166	[310, 311]
8455	[158]
18106	[545]
8283	[573]
3267	[0]
36236	[0]
6939	[339, 368, 361, 327, 365]
28220	[259]
6423	[245]
263623	[314]
51185	[229]
29140	[688]
28329	[477]
133165	[421]
513	[800]
13030	[431, 325, 586]
13237	[589, 257, 445]
6079	[274]
9002	[330, 338, 345]
22548	[202]
8218	[0, 532, 410]
52752	[470]
49463	[667]
50304	[266]
20932	[236]
4181	[2818]
45177	[0]
262317	[354]
12637	[816]
22873	[0]
10026	[282, 230]
8468	[275]
251	[1306]
25220	[666]
3292	[352]
59689	[380]
31800	[0]
4826	[246]
24516	[0, 0, 0, 457, 0, 0]
6762	[769, 819, 705]
8596	[262]
6360	[0]
16735	[884]
33843	[46]
34288	[774, 0, 782, 0]
34177	[141]
41695	[413]
20080	[869]
15547	[311, 573, 0, 573]
16347	[222]
4608	[256]
196621	[0]
38726	[0, 0]
20640	[144]
5650	[216]
1916	[1274]
27446	[144]
47872	[858]
2895	[225]
28571	[649]
11537	[325]
51405	[277]
31424	[0]
2518	[0]
1103	[983]
19754	[0]
25152	[354, 446]
553	[322]
32354	[240]
14361	[265, 277]
62567	[827]
54073	[453]
5645	[393]
13189	[6]
9189	[221]
25091	[0, 352, 178, 321]
7575	[958, 1890]
25160	[238]
58511	[0, 353, 353, 0, 0, 481]
264268	[257]
50300	[278]
15301	[465]
42541	[593]
29075	[309]
1299	[0]
7500	[328]
12350	[246]
50620	[366]
8928	[494]
34019	[293]
28294	[693]
209	[612, 578, 600]
14840	[1260]
31122	[153]
52769	[262, 210]
32614	[223]
48285	[0]
29608	[221]
24482	[410, 0, 410, 381, 577, 411, 728, 0]
45896	[0]
1280	[329]
263584	[250]
4777	[319]
37271	[442]
3549	[238]
34146	[0]
4589	[381, 484]
680	[271]
57381	[289]
