204028	[0]
39792	[0]
15605	[616]
28917	[16038]
3491	[2606]
41811	[6958]
7018	[7563]
262757	[1571]
262750	[1639]
52863	[4890]
48526	[0, 1486]
8781	[2212]
58308	[2666]
6082	[2724]
12779	[29, 2857, 2805]
20562	[6283, 6283]
52940	[2542]
11666	[26]
57821	[5965]
1836	[0, 11800]
262612	[1084]
3252	[2779]
31019	[1237]
29691	[0]
3257	[172, 218, 172, 172, 195]
30132	[2631]
63956	[0]
28941	[2253]
46450	[98]
14061	[5062, 6444]
19151	[2697, 5732, 2645]
286	[13803, 14937]
8222	[33]
1798	[2506]
2914	[9796, 3745, 10260, 5804, 0]
59715	[0]
202194	[0]
38880	[5748, 5212, 0, 7539]
59469	[0]
41497	[5715]
6830	[11008, 14120, 10600, 13905]
36351	[9180]
39821	[3663]
38809	[2531]
3561	[3523, 2543]
41095	[2734, 2642]
40387	[5627]
29686	[6451]
14537	[7129]
4739	[2509]
49835	[6707]
2497	[115, 5556, 5397]
53828	[87]
56730	[13032]
19653	[2634]
6720	[2536]
20764	[2849, 2852]
47441	[2799]
28138	[5440, 2721]
198290	[7265]
50763	[2304]
20612	[0, 0]
5392	[7453]
57118	[0, 0]
5396	[33]
12859	[8471]
6453	[4475, 5417]
15435	[2255]
202109	[6497, 6637]
5769	[2380]
9304	[5173]
37989	[2511]
53001	[2036]
25227	[5802]
22652	[2640]
5413	[2592, 2542]
1853	[2694]
6667	[19871]
11039	[7123]
53013	[708]
52888	[15762]
29636	[4867]
10102	[0]
49605	[153]
198249	[0]
8758	[100]
30844	[2687, 0]
58901	[0]
34781	[0, 6819]
35054	[44]
48166	[2647, 2647]
8455	[218]
18106	[7826]
8283	[8146]
3267	[0]
36236	[0]
6939	[2591, 2785, 2600, 4318, 4256, 11186, 8168, 4268, 6986, 3654, 9441, 8358]
28220	[2732]
6423	[2593]
263623	[2710]
51185	[2636]
29140	[16027]
28329	[5063]
133165	[6870]
513	[5310]
13030	[7403, 8468, 16850]
13237	[7343, 11154, 8758]
6079	[2625]
9002	[10302, 10334, 11743]
22548	[18]
8218	[0, 9604, 9685]
52752	[4533]
49463	[8019]
50304	[2672]
20932	[56]
4181	[50591]
45177	[0]
262317	[1928]
12637	[11141]
22873	[0]
10026	[2665, 2616]
8468	[2678]
251	[12991]
25220	[10595]
3292	[12339]
59689	[6711]
4826	[2331]
24516	[0, 0, 6687, 0, 0, 0]
6762	[6819, 9908, 8687]
202032	[0, 3672]
8596	[2518]
53070	[2754]
6360	[0]
28929	[2225]
16735	[10494]
33843	[416]
34288	[12640, 0, 12666, 0]
34177	[17]
41695	[5625]
20080	[9097]
15547	[6263, 10581, 0, 10581]
16347	[1641]
4608	[1622]
196621	[0]
38726	[0, 0]
9026	[70]
20640	[2255]
5650	[2101]
1916	[8040]
27446	[5]
47872	[12071]
2895	[90]
28571	[7527]
51405	[2989]
31424	[0]
2518	[0]
1103	[12498]
37271	[2771]
19754	[0]
25152	[2698, 6685]
553	[2592]
32354	[2760]
52610	[2058]
14361	[2661, 2846]
62567	[8075]
54073	[6386]
5645	[6361]
13189	[101]
9189	[2793]
25091	[2811, 0, 2799, 1592]
7575	[7870, 17926]
25160	[4287]
58511	[0, 1284, 1284, 0, 0, 2382]
264268	[2492]
50300	[3204]
15301	[8526]
42541	[9060]
29075	[2646]
1299	[0]
7500	[2676]
12350	[2698]
50620	[2934]
8928	[12952]
34019	[2632]
28294	[7519]
209	[4287, 4603, 4625]
14840	[7710]
31122	[39]
52769	[671, 642]
32614	[1508]
48285	[0]
24482	[12101, 0, 12861, 10894, 14589, 12104, 15416, 0]
1280	[2652]
263584	[2468]
4777	[2790]
13703	[6]
3549	[2121]
34146	[0]
4589	[2796, 2756]
680	[2781]
57381	[2713]
