8426	[297, 280]
204028	[0]
39792	[0]
15605	[78]
28917	[499]
3491	[5, 242]
41811	[219]
7018	[510]
262757	[236]
262750	[111]
52863	[358]
48526	[0, 80]
8781	[3]
58308	[300]
6082	[161]
12779	[4, 237, 234]
20562	[318, 318]
52940	[257]
11666	[15]
57821	[224]
1836	[0, 692]
262612	[185]
3252	[255]
31019	[177]
29691	[0]
3257	[294, 279, 319, 279, 322]
30132	[299]
63956	[0]
28941	[221]
53070	[267]
14061	[354, 419]
19151	[418, 192, 199]
286	[1001, 809]
1798	[234]
2914	[814, 518, 828, 596, 0]
59715	[0]
202194	[0]
38880	[233, 198, 341]
59469	[0]
41497	[291]
6830	[813, 1042, 825, 1037]
36351	[1021]
20764	[291, 277]
38809	[303]
3561	[190, 164]
41095	[254, 255]
40387	[199]
29686	[511]
14537	[949]
4739	[469]
49835	[417]
2497	[124, 369, 335]
53828	[184]
56730	[1571]
19653	[172]
6720	[293]
47441	[380]
28138	[620]
198290	[253]
50763	[209]
20612	[0, 0]
5392	[691]
57118	[0]
5396	[117]
12859	[554]
6453	[260, 302]
15435	[253]
202109	[701, 685]
5769	[132]
9304	[361]
25227	[897]
22652	[204]
5413	[225, 246]
1853	[247]
6667	[585]
11039	[318]
53013	[128]
52888	[938]
29636	[425]
10102	[0]
49605	[36]
198249	[0]
8758	[60]
30844	[177, 0]
58901	[0]
34781	[0, 492]
35054	[58]
48166	[248]
8455	[25]
18106	[323]
8283	[1431]
3267	[0]
36236	[0]
6939	[208, 284, 262, 318, 208]
28220	[254]
6423	[234]
263623	[336]
51185	[249]
39821	[246]
29140	[517]
28329	[476, 26]
133165	[888]
513	[633]
13030	[546, 511, 1032]
13237	[550, 745, 529]
6079	[259]
9002	[388, 388, 386]
22548	[118]
8218	[0, 318, 275]
52752	[388]
49463	[695]
50304	[237]
20932	[185]
4181	[2748]
45177	[0]
262317	[168]
12637	[355]
22873	[0]
10026	[238, 237]
8468	[243]
251	[1096]
25220	[584]
3292	[847]
59689	[378]
4826	[179]
24516	[0, 0, 0, 336, 0, 0]
6762	[1181, 1238, 759]
8596	[289]
46450	[25]
16735	[702]
33843	[44]
34288	[899, 0, 899, 0]
34177	[88]
41695	[241]
20080	[403]
15547	[335, 969, 969, 0]
16347	[206]
4608	[220]
196621	[0]
38726	[0, 0]
20640	[211]
5650	[131]
1916	[446]
27446	[91]
47872	[1203]
2895	[187]
28571	[359]
51405	[185]
31424	[0]
2518	[0]
1103	[417]
13703	[65]
19754	[0]
25152	[350, 463]
553	[286]
3549	[229]
32354	[140]
14361	[274, 261]
62567	[941]
54073	[376]
5645	[404]
9189	[238]
25091	[280, 0, 272, 97]
7575	[525, 1074]
25160	[290]
58511	[0, 268, 268, 0, 0, 314]
264268	[262]
50300	[304]
15301	[682]
42541	[279]
29075	[365]
1299	[0]
7500	[229]
12350	[237]
8928	[855]
34019	[246]
28294	[616]
209	[442, 563, 552]
14840	[560]
31122	[205]
52769	[201, 128]
32614	[150]
48285	[0]
24482	[409, 0, 486, 358, 576, 409, 526, 0]
1280	[283]
263584	[134]
4777	[195]
37271	[297]
29608	[65]
34146	[0]
4589	[670, 768]
680	[279]
57381	[274]
