8426	[298, 284]
15605	[66]
28917	[608]
3491	[10, 227]
41811	[218]
7018	[510]
262757	[254]
262750	[113]
52863	[369]
48526	[94]
8781	[3]
58308	[341]
6082	[170]
39821	[308]
20562	[414, 414]
52940	[253]
11666	[37]
57821	[216]
1836	[807]
262612	[195]
3252	[307]
31019	[169]
3257	[308, 270, 331, 325, 270]
30132	[289]
53070	[264]
14061	[367, 420]
19151	[199, 430, 201]
286	[974, 808]
1798	[260]
2914	[526, 814, 745, 551]
14840	[586]
38880	[240, 199, 428]
41497	[298]
32614	[163]
36351	[1007]
20764	[354, 348]
12779	[5, 307, 300]
38809	[290]
3561	[203, 184]
41095	[319, 314]
40387	[211]
29686	[461]
14537	[1019]
4739	[472]
49835	[413]
2497	[132, 399, 372]
53828	[163]
56730	[1539]
19653	[157]
6720	[293]
47441	[392]
28138	[633]
198290	[299]
50763	[280]
5392	[745]
5396	[96]
12859	[511]
6453	[277, 293]
15435	[319]
202109	[630, 654]
5769	[139]
9304	[466]
25227	[839]
30844	[167]
5413	[222, 251]
1853	[220]
6667	[780]
11039	[283]
53013	[149]
52888	[1182]
29636	[421]
49605	[13]
8758	[28]
22652	[215]
34781	[623]
35054	[49]
48166	[266]
8455	[10]
18106	[375]
8283	[1555]
9318	[1]
6939	[305, 213, 265, 257, 213]
28220	[247]
6423	[208]
263623	[343]
51185	[313]
29140	[590]
28329	[451, 20]
133165	[847]
513	[639]
13030	[653, 594, 1164]
13237	[648, 870, 592]
6079	[251]
9002	[376, 368, 376]
22548	[130]
8218	[371, 338]
52752	[412]
6830	[1052, 862, 843, 1049]
50304	[304]
20932	[183]
4181	[2671]
262317	[182]
12637	[446]
10026	[227, 237]
8468	[314]
251	[1050]
25220	[728]
3292	[782]
59689	[389]
4826	[204]
24516	[381]
6762	[1092, 1136, 708]
8596	[336]
46450	[6]
16735	[679]
33843	[51]
34288	[919, 909]
34177	[110]
41695	[249]
20080	[525]
15547	[936, 936, 310]
16347	[191]
4608	[234]
20640	[275]
5650	[132]
1916	[446]
27446	[89]
47872	[1256]
2895	[186]
28571	[446]
51405	[201]
1103	[495]
37271	[281]
25152	[371, 449]
553	[270]
32354	[164]
14361	[255, 269]
62567	[992]
54073	[363]
5645	[421]
9189	[247]
25091	[170, 333, 348]
7575	[549, 1030]
58511	[329, 329, 367]
264268	[238]
50300	[321]
15301	[668]
42541	[361]
29075	[352]
28941	[228]
4589	[611, 677]
12350	[208]
8928	[836]
34019	[313]
28294	[674]
209	[475, 644, 618]
31122	[190]
52769	[224, 145]
25160	[352]
29608	[131]
24482	[517, 576, 392, 688, 516, 650]
1280	[285]
263584	[142]
4777	[219]
49463	[868]
13703	[27]
3549	[205]
7500	[251]
680	[268]
57381	[281]
