8426	[454, 425]
39792	[0]
15605	[72]
28917	[1302]
3491	[747]
41811	[742]
7018	[1167]
262757	[336]
262750	[595]
52863	[896]
48526	[0, 315]
58308	[550]
6082	[757]
12779	[1, 531, 525]
20562	[1149, 1149]
52940	[746]
11666	[20]
57821	[526]
1836	[0, 580]
262612	[458]
3252	[527]
31019	[239]
29691	[0]
3257	[367, 335, 450, 335, 469]
30132	[557]
63956	[0]
28941	[685]
53070	[839]
38809	[555]
19151	[653, 699, 1316]
286	[1984, 2049]
8222	[19]
1798	[608]
2914	[2018, 977, 2056, 1143, 0]
202194	[0]
38883	[0]
38880	[335, 848, 877]
59469	[0]
41497	[708]
36351	[2092]
20764	[585, 561]
14061	[854, 1000]
3561	[656, 790]
41095	[568, 559]
40387	[560]
29686	[1041]
14537	[1600]
4739	[551]
49835	[1226]
2497	[117, 1364, 1397]
53828	[77]
56730	[1866]
19653	[600]
6720	[408]
47441	[537]
43100	[571]
28138	[1069, 536]
198290	[824]
50763	[570]
20612	[0, 0]
5392	[2409]
57118	[0, 0]
5396	[24]
12859	[1436]
6453	[1561, 1028]
15435	[776]
202109	[1337, 1330]
5769	[629]
9304	[839]
37989	[652]
25227	[256]
22652	[747]
5413	[587, 602]
1853	[766]
6667	[2416]
11039	[651]
53013	[133]
52888	[3102]
29636	[1272]
196621	[0]
49605	[85]
198249	[0]
8758	[111]
30844	[640]
58901	[0]
34781	[0, 1326]
35054	[53]
48166	[312, 311]
8455	[283]
18106	[1421]
8283	[1952]
3267	[0]
36236	[0]
6939	[1541, 1387, 1380, 1189, 1378]
28220	[780]
6423	[642]
263623	[917]
51185	[569]
39821	[623]
29140	[2383]
28329	[1469]
133165	[1519]
513	[1020]
13030	[1106, 1070, 2174]
13237	[1258, 1420, 913]
6079	[715]
9002	[1345, 1338, 1336]
22548	[26]
8218	[0, 1369, 1360]
52752	[983]
6830	[1577, 1383, 1435, 1602]
50304	[561]
20932	[293]
4181	[8966]
45177	[0]
262317	[930]
12637	[1537]
22873	[0]
10026	[542, 540]
8468	[575]
251	[1495]
25220	[1303]
3292	[1270]
59689	[1114]
4826	[552]
24516	[0, 0, 731, 0, 0, 0]
6762	[1064, 1150, 1071]
8596	[508]
46450	[42]
16735	[1632]
33843	[135]
34288	[1213, 0, 1217, 0]
34177	[314]
41695	[614]
20080	[1136]
15547	[1072, 1817, 1817, 0]
16347	[349]
4608	[401]
38726	[0, 0]
20640	[541]
5650	[706]
1916	[1636]
47872	[2178]
2895	[74]
28571	[1100]
51405	[761]
31424	[0]
2518	[0]
1103	[1420]
19754	[0]
25152	[580, 1724]
553	[542]
32354	[644]
14361	[605, 795]
62567	[2203]
54073	[862]
5645	[1467]
9189	[537]
25091	[566, 0, 585, 341]
7575	[1329, 2558]
25160	[670]
58511	[0, 530, 530, 0, 0, 677]
264268	[737]
50300	[709]
15301	[1613]
42541	[972]
29075	[582]
1299	[0]
7500	[696]
12350	[1185]
50620	[592]
8928	[2249]
34019	[562]
28294	[2035]
209	[281, 267, 320]
14840	[2750]
31122	[217]
52769	[133, 123]
32614	[484]
48285	[0]
24482	[1232, 0, 1474, 1102, 1637, 1232, 1741]
1280	[769]
263584	[221]
4777	[715]
49463	[2167]
37271	[1063]
3549	[718]
4589	[1050, 1049]
680	[755]
57381	[506]
